0 0.869018 0.014968 0.054253 0.029936
0 0.011596 0.126730 0.023191 0.133738
0 0.083345 0.092082 0.091114 0.087609
0 0.151680 0.199550 0.099290 0.094618
0 0.490161 0.318323 0.103015 0.127617
0 0.270245 0.215319 0.119149 0.170546
0 0.317842 0.193203 0.093897 0.072731
0 0.794229 0.211097 0.056184 0.062089
0 0.592219 0.164438 0.171246 0.102613
0 0.301193 0.972834 0.127004 0.054332
0 0.307391 0.921713 0.206610 0.156575
0 0.307465 0.877451 0.074668 0.077165
0 0.592499 0.385611 0.189236 0.219607
0 0.551615 0.012915 0.093450 0.025829
