0 0.388445 0.279802 0.179164 0.284781
0 0.147952 0.292068 0.016827 0.022581
0 0.284098 0.407646 0.035014 0.023129
0 0.665901 0.582686 0.022968 0.032509
0 0.556789 0.748054 0.045163 0.048243
0 0.490058 0.710410 0.024793 0.007899
0 0.564876 0.710629 0.040151 0.024135
0 0.463839 0.554960 0.008337 0.019527
0 0.192320 0.520010 0.016043 0.022716
0 0.245419 0.549913 0.044540 0.034886
0 0.410515 0.673050 0.064225 0.063544
0 0.438412 0.506607 0.008879 0.018037
0 0.503683 0.502943 0.009110 0.010235
0 0.562359 0.586792 0.016784 0.017084
0 0.602268 0.436451 0.017349 0.016220
0 0.543843 0.544680 0.017110 0.017578
0 0.512805 0.676861 0.059448 0.055845
0 0.564207 0.694190 0.014240 0.013515
0 0.361497 0.485609 0.014589 0.010564
0 0.364204 0.439444 0.007915 0.010922
0 0.184146 0.771776 0.008322 0.013590
0 0.672744 0.708625 0.027556 0.018811
0 0.653763 0.673338 0.032025 0.042290
