0 0.019087 0.439526 0.038175 0.080193
0 0.078195 0.452273 0.057427 0.074020
0 0.169372 0.440011 0.056958 0.036685
0 0.148133 0.472352 0.051166 0.027996
0 0.153418 0.499664 0.070895 0.038811
0 0.113391 0.546543 0.046541 0.075437
0 0.109517 0.477179 0.022204 0.062750
0 0.058140 0.489424 0.083608 0.071480
0 0.041037 0.526291 0.081292 0.072087
0 0.047286 0.580451 0.062211 0.069391
0 0.079590 0.553928 0.027996 0.075300
0 0.806012 0.374227 0.180350 0.209207
0 0.884726 0.384984 0.064681 0.073370
0 0.866776 0.890464 0.047073 0.053456
0 0.799898 0.969148 0.135903 0.061704
0 0.247704 0.922186 0.096113 0.155628
0 0.770206 0.815946 0.144582 0.135144
