12 0.350728 0.207512 0.135642 0.155693
12 0.450939 0.415521 0.226328 0.181610
12 0.855232 0.731855 0.104861 0.141638
16 0.291194 0.269637 0.012167 0.012765
2 0.352460 0.238147 0.039563 0.032601
2 0.498263 0.277820 0.032840 0.034366
16 0.409836 0.310645 0.012590 0.012283
2 0.572868 0.306162 0.022681 0.039397
6 0.534844 0.335262 0.006383 0.016750
2 0.743853 0.355274 0.014760 0.011569
2 0.612235 0.521760 0.025531 0.031515
2 0.640957 0.707658 0.009175 0.009574
16 0.432820 0.663278 0.010571 0.010571
18 0.485678 0.911993 0.007964 0.020973
18 0.513288 0.915709 0.016991 0.008230
18 0.510425 0.923344 0.018509 0.012423
18 0.514791 0.907716 0.011456 0.012887
20 0.493998 0.918159 0.007497 0.011854
6 0.499379 0.917589 0.008176 0.011030
16 0.325028 0.532980 0.011409 0.010093
20 0.349053 0.539782 0.030936 0.017114
18 0.897323 0.310304 0.015044 0.021678
20 0.717409 0.310113 0.017668 0.012721
4 0.434548 0.522685 0.040126 0.022342
16 0.605821 0.352978 0.005794 0.010429
