0 0.133587 0.283512 0.055087 0.054399
0 0.080910 0.574099 0.008952 0.008952
0 0.358757 0.388523 0.012395 0.011017
0 0.474124 0.501144 0.017843 0.012959
0 0.351345 0.561999 0.038355 0.025523
0 0.280707 0.650812 0.016194 0.028672
0 0.254026 0.588424 0.018053 0.018053
0 0.250392 0.707544 0.025133 0.021925
0 0.342639 0.799449 0.031994 0.038374
0 0.291852 0.871111 0.018076 0.017474
0 0.692536 0.831655 0.041435 0.035443
0 0.379623 0.636764 0.062042 0.042533
0 0.283724 0.723238 0.009141 0.020830
0 0.095848 0.683191 0.037731 0.028999
