0 0.040238 0.045222 0.080476 0.090444
0 0.481997 0.283458 0.221694 0.198161
0 0.574103 0.014208 0.094512 0.028415
0 0.835401 0.113676 0.067508 0.081368
0 0.655062 0.154439 0.035562 0.040063
0 0.684846 0.152591 0.031853 0.046965
0 0.613603 0.235103 0.055747 0.041956
0 0.545284 0.190366 0.074289 0.050612
0 0.477950 0.194665 0.064501 0.058098
0 0.363437 0.276722 0.032937 0.059341
0 0.705534 0.370067 0.057143 0.144186
0 0.635040 0.426305 0.060565 0.041796
0 0.327030 0.056451 0.041398 0.088654
0 0.492198 0.356118 0.050438 0.065606
0 0.512562 0.445634 0.053025 0.100218
0 0.281206 0.494394 0.053132 0.091345
0 0.291843 0.406248 0.078197 0.079154
0 0.259826 0.654593 0.097351 0.097193
0 0.527923 0.585548 0.046423 0.067823
0 0.537801 0.738921 0.046872 0.065949
0 0.732568 0.773037 0.075349 0.042839
0 0.313674 0.894364 0.098470 0.071432
0 0.843931 0.920649 0.090836 0.086820
0 0.797468 0.923129 0.046756 0.037161
0 0.947016 0.876151 0.055202 0.083586
0 0.515246 0.715900 0.061647 0.070084
