0 0.046422 0.783458 0.092844 0.198161
0 0.473218 0.029723 0.070729 0.059447
0 0.074103 0.475281 0.094512 0.106269
0 0.172553 0.463900 0.084746 0.052509
0 0.335401 0.613676 0.067508 0.081368
0 0.155062 0.654439 0.035562 0.040063
0 0.184846 0.652591 0.031853 0.046965
0 0.113603 0.735103 0.055747 0.041956
0 0.045284 0.690366 0.074289 0.050612
0 0.005100 0.694665 0.010201 0.058098
0 0.205534 0.870067 0.057143 0.144186
0 0.135040 0.926305 0.060565 0.041796
0 0.008709 0.856118 0.017417 0.065606
0 0.019537 0.945634 0.039075 0.100218
