0 0.589950 0.047439 0.102256 0.094879
0 0.767293 0.474087 0.027925 0.055849
0 0.869018 0.502410 0.054253 0.055051
0 0.391509 0.124232 0.063030 0.051860
0 0.247099 0.190852 0.074199 0.079784
0 0.299898 0.046860 0.135903 0.093721
0 0.143850 0.284120 0.059854 0.060820
0 0.249222 0.387598 0.068326 0.058125
0 0.011596 0.626730 0.023191 0.133738
0 0.083345 0.592082 0.091114 0.087609
0 0.151680 0.699550 0.099290 0.094618
0 0.490161 0.818323 0.103015 0.127617
0 0.270245 0.715319 0.119149 0.170546
0 0.317842 0.693203 0.093897 0.072731
0 0.794229 0.711097 0.056184 0.062089
0 0.592219 0.664438 0.171246 0.102613
0 0.592499 0.885611 0.189236 0.219607
0 0.551615 0.453405 0.093450 0.144847
