0 0.627118 0.271850 0.018375 0.029642
0 0.599737 0.251821 0.012623 0.014047
0 0.560853 0.258524 0.009894 0.008459
0 0.491901 0.348284 0.010131 0.009741
0 0.369379 0.366989 0.012079 0.021308
0 0.377648 0.379735 0.009894 0.012484
0 0.420688 0.412078 0.024561 0.026861
0 0.239517 0.380691 0.064590 0.060945
0 0.205338 0.484032 0.013281 0.015868
0 0.251637 0.689535 0.034266 0.030518
0 0.112392 0.776682 0.031515 0.031821
0 0.777723 0.694378 0.010864 0.011382
0 0.587898 0.741504 0.024315 0.030101
0 0.874421 0.642982 0.022450 0.023447
0 0.500638 0.529569 0.010111 0.013187
0 0.775269 0.522585 0.019533 0.019181
0 0.873181 0.705225 0.035316 0.052923
