10 0.532989 0.314284 0.028327 0.013725
16 0.427858 0.264157 0.013141 0.008847
18 0.483812 0.314912 0.016591 0.009290
0 0.442624 0.181632 0.020708 0.018664
25 0.297392 0.828813 0.017642 0.016051
10 0.263349 0.609626 0.005202 0.015729
20 0.646620 0.758414 0.021567 0.024351
18 0.659726 0.604233 0.014063 0.018076
18 0.832254 0.505022 0.016281 0.010343
2 0.811164 0.408098 0.031867 0.032817
16 0.711314 0.253854 0.013770 0.015420
18 0.960246 0.617177 0.017648 0.010812
18 0.702241 0.468986 0.018962 0.012737
18 0.235296 0.426218 0.013558 0.012515
18 0.503855 0.491704 0.011851 0.019760
