0 0.576007 0.141921 0.020182 0.022714
0 0.577414 0.291980 0.022583 0.054063
0 0.556830 0.309645 0.038912 0.035759
0 0.665532 0.267509 0.020487 0.011951
0 0.681820 0.333833 0.019950 0.018759
0 0.635491 0.311614 0.043010 0.060323
0 0.646478 0.283788 0.015663 0.020044
0 0.665153 0.350624 0.013004 0.009908
0 0.783811 0.345171 0.026338 0.024927
0 0.782992 0.402003 0.026096 0.023744
0 0.804496 0.279051 0.026178 0.020487
0 0.844301 0.490424 0.058530 0.056465
0 0.312444 0.579302 0.020309 0.012149
0 0.375014 0.638955 0.015571 0.011333
0 0.517174 0.571831 0.013813 0.014134
0 0.531790 0.647643 0.012207 0.011564
0 0.630891 0.652622 0.013813 0.011243
0 0.672914 0.618394 0.042329 0.030962
0 0.503306 0.549663 0.018945 0.016958
0 0.725394 0.565851 0.057849 0.031890
0 0.780832 0.693968 0.017872 0.011758
0 0.779656 0.769924 0.044680 0.041388
0 0.677362 0.753463 0.019753 0.015991
0 0.847275 0.704166 0.014580 0.014453
0 0.504585 0.810643 0.022236 0.020297
0 0.603815 0.755896 0.032241 0.040476
0 0.266539 0.749320 0.032452 0.026338
0 0.339438 0.808110 0.009877 0.038566
0 0.115933 0.632446 0.011758 0.019283
0 0.172372 0.556725 0.019283 0.020224
0 0.042457 0.641517 0.006529 0.005200
0 0.264276 0.506278 0.032491 0.027135
0 0.408532 0.643241 0.019964 0.018884
0 0.879880 0.616584 0.014893 0.016150
0 0.378145 0.348723 0.012399 0.030940
0 0.604841 0.309242 0.008144 0.006786
0 0.549156 0.573012 0.015270 0.009409
