0 0.953897 0.004077 0.042859 0.008155
0 0.709302 0.207107 0.153030 0.198909
0 0.809245 0.401905 0.101627 0.191572
0 0.589950 0.544397 0.102256 0.100963
0 0.767293 0.973081 0.027925 0.053838
0 0.869018 0.987442 0.054253 0.025115
0 0.391509 0.624232 0.063030 0.051860
0 0.247099 0.690852 0.074199 0.079784
0 0.366776 0.390464 0.047073 0.053456
0 0.299898 0.516008 0.135903 0.155425
0 0.143850 0.784120 0.059854 0.060820
0 0.249222 0.887598 0.068326 0.058125
0 0.551615 0.940491 0.093450 0.119018
0 0.270206 0.315946 0.144582 0.135144
