0 0.280839 0.223874 0.023132 0.013083
0 0.612703 0.077291 0.010173 0.019747
0 0.500267 0.099379 0.021305 0.020673
0 0.558948 0.125561 0.011968 0.020943
0 0.539301 0.181609 0.042884 0.050065
0 0.582595 0.185499 0.049944 0.035903
0 0.682136 0.312849 0.022698 0.023915
0 0.689986 0.322669 0.016934 0.014536
0 0.690011 0.349030 0.008791 0.022957
0 0.657961 0.355904 0.007253 0.022176
0 0.559324 0.330711 0.023860 0.020985
0 0.364703 0.346224 0.007774 0.008089
0 0.374929 0.254814 0.008776 0.025332
0 0.558233 0.220706 0.018749 0.020544
0 0.454306 0.257407 0.019296 0.021650
0 0.611925 0.270950 0.020548 0.023192
0 0.508759 0.472604 0.019925 0.010610
0 0.489548 0.488365 0.009262 0.014932
0 0.525442 0.575157 0.016164 0.008554
0 0.642808 0.506622 0.011415 0.008936
0 0.525249 0.359185 0.012162 0.009863
0 0.472006 0.400270 0.009886 0.012361
0 0.563123 0.398298 0.077965 0.059947
0 0.591932 0.395398 0.012528 0.015419
0 0.371045 0.278335 0.018322 0.021699
0 0.258633 0.217032 0.009314 0.011054
0 0.653502 0.246879 0.038381 0.029404
0 0.182992 0.413067 0.024073 0.028563
0 0.460257 0.343020 0.008724 0.016697
0 0.364070 0.196795 0.016480 0.022301
0 0.346136 0.272376 0.009578 0.013285
0 0.337918 0.288565 0.020419 0.014122
0 0.730642 0.322333 0.012942 0.018392
0 0.427147 0.116344 0.014658 0.012827
0 0.554601 0.089635 0.009489 0.014298
0 0.581020 0.153510 0.017334 0.018381
