0 0.046422 0.283458 0.092844 0.198161
0 0.074103 0.014208 0.094512 0.028415
0 0.335401 0.113676 0.067508 0.081368
0 0.155062 0.154439 0.035562 0.040063
0 0.184846 0.152591 0.031853 0.046965
0 0.113603 0.235103 0.055747 0.041956
0 0.045284 0.190366 0.074289 0.050612
0 0.005100 0.194665 0.010201 0.058098
0 0.205534 0.370067 0.057143 0.144186
0 0.135040 0.426305 0.060565 0.041796
0 0.008709 0.356118 0.017417 0.065606
0 0.019537 0.445634 0.039075 0.100218
0 0.027923 0.585548 0.046423 0.067823
0 0.037801 0.738921 0.046872 0.065949
0 0.232568 0.773037 0.075349 0.042839
0 0.343931 0.920649 0.090836 0.086820
0 0.297468 0.923129 0.046756 0.037161
0 0.447016 0.876151 0.055202 0.083586
0 0.835425 0.634039 0.067751 0.092273
0 0.023035 0.715900 0.046070 0.070084
