0 0.040238 0.520051 0.080476 0.140787
0 0.481997 0.783458 0.221694 0.198161
0 0.968927 0.029723 0.062146 0.059447
0 0.574103 0.475281 0.094512 0.106269
0 0.672553 0.463900 0.084746 0.052509
0 0.835401 0.613676 0.067508 0.081368
0 0.655062 0.654439 0.035562 0.040063
0 0.684846 0.652591 0.031853 0.046965
0 0.613603 0.735103 0.055747 0.041956
0 0.545284 0.690366 0.074289 0.050612
0 0.477950 0.694665 0.064501 0.058098
0 0.363437 0.776722 0.032937 0.059341
0 0.705534 0.870067 0.057143 0.144186
0 0.635040 0.926305 0.060565 0.041796
0 0.327030 0.556451 0.041398 0.088654
0 0.492198 0.856118 0.050438 0.065606
0 0.177722 0.243534 0.072693 0.164583
0 0.512562 0.945634 0.053025 0.100218
0 0.281206 0.974361 0.053132 0.051279
0 0.291843 0.906248 0.078197 0.079154
0 0.199379 0.195516 0.041585 0.048882
