0 0.155970 0.638755 0.026167 0.026855
0 0.318134 0.706237 0.024101 0.024101
0 0.353252 0.570584 0.019969 0.024101
0 0.289539 0.558361 0.039550 0.042545
0 0.302212 0.557311 0.009599 0.014700
0 0.321069 0.594074 0.051783 0.053985
0 0.352922 0.598342 0.038257 0.034532
0 0.468180 0.491869 0.018296 0.017771
0 0.398108 0.439814 0.008206 0.027996
0 0.501926 0.430700 0.027168 0.018695
0 0.558436 0.435963 0.016743 0.009893
0 0.582697 0.184174 0.009637 0.011886
0 0.557480 0.154781 0.009958 0.005782
0 0.619160 0.255142 0.018342 0.040918
0 0.471830 0.270593 0.020130 0.034389
0 0.686651 0.451500 0.043269 0.024457
0 0.618220 0.529808 0.011758 0.014580
0 0.815304 0.597887 0.010220 0.010880
0 0.566918 0.845578 0.006275 0.011102
0 0.748291 0.852698 0.020997 0.021963
0 0.285950 0.746883 0.046562 0.038566
0 0.360991 0.785054 0.034150 0.039571
0 0.479245 0.732594 0.049983 0.037615
0 0.494407 0.638850 0.027022 0.050974
0 0.121027 0.438336 0.010885 0.009292
0 0.157797 0.361478 0.011681 0.010088
0 0.262662 0.362275 0.016460 0.018053
0 0.436529 0.109007 0.023322 0.004594
