0 0.469933 0.845247 0.016218 0.009635
0 0.468061 0.853320 0.016977 0.010400
0 0.471345 0.859569 0.015932 0.010947
0 0.482989 0.856850 0.012672 0.017911
0 0.461673 0.872355 0.016098 0.016757
0 0.473736 0.866385 0.014962 0.011813
0 0.479005 0.873199 0.017001 0.017709
0 0.493875 0.874780 0.017896 0.014466
0 0.300357 0.870954 0.055247 0.048392
0 0.368018 0.825571 0.021635 0.035744
0 0.331098 0.751496 0.012699 0.013639
0 0.172842 0.759492 0.034333 0.037155
0 0.261967 0.463191 0.008466 0.018342
0 0.128632 0.479887 0.016476 0.024279
0 0.515704 0.265730 0.019283 0.020694
0 0.443040 0.222461 0.016931 0.022575
0 0.390026 0.247060 0.009301 0.016866
0 0.759826 0.166986 0.031362 0.028376
0 0.872499 0.235548 0.019918 0.020952
0 0.896516 0.223496 0.026346 0.020312
0 0.847730 0.326896 0.013272 0.017890
0 0.758475 0.416609 0.018731 0.014480
0 0.776970 0.404278 0.016155 0.020111
0 0.721582 0.421339 0.018792 0.020276
0 0.695253 0.432484 0.018175 0.021464
0 0.700640 0.374256 0.013121 0.018470
0 0.619956 0.332571 0.015001 0.020441
0 0.564651 0.316828 0.011539 0.014012
0 0.630259 0.290124 0.013187 0.018627
0 0.633030 0.250907 0.009611 0.014817
0 0.562590 0.393975 0.018627 0.007748
0 0.499017 0.379951 0.020025 0.020771
0 0.555008 0.348478 0.040057 0.029177
0 0.606835 0.546768 0.043758 0.039611
0 0.775562 0.513720 0.016062 0.032445
0 0.748845 0.522310 0.012156 0.018235
0 0.837863 0.465276 0.013499 0.016203
0 0.902201 0.413731 0.040984 0.047555
0 0.918307 0.430759 0.015625 0.020598
0 0.891446 0.455424 0.028774 0.010828
0 0.988798 0.431301 0.016794 0.019254
0 0.784934 0.273437 0.016383 0.018310
0 0.769450 0.254708 0.017698 0.021665
0 0.680533 0.207263 0.020238 0.045294
0 0.756468 0.101578 0.020715 0.016685
0 0.876807 0.679798 0.089624 0.060713
0 0.879216 0.613142 0.028911 0.030196
0 0.306274 0.310139 0.007400 0.012276
0 0.584374 0.450407 0.016941 0.014209
0 0.598173 0.437018 0.010656 0.012569
0 0.568021 0.450726 0.011820 0.012747
0 0.974462 0.366671 0.016246 0.020022
0 0.633544 0.215913 0.024832 0.037326
0 0.337785 0.419516 0.024601 0.026637
0 0.466304 0.516648 0.009162 0.012555
0 0.599743 0.606738 0.019850 0.019002
0 0.617262 0.660588 0.014293 0.020067
0 0.599761 0.692168 0.030076 0.032247
0 0.699877 0.628596 0.015564 0.020689
0 0.819509 0.661974 0.018547 0.016267
0 0.793751 0.609283 0.013234 0.014930
0 0.785471 0.597485 0.013606 0.016811
0 0.552381 0.195790 0.014404 0.006119
0 0.490614 0.862693 0.009688 0.017463
0 0.529238 0.857530 0.011472 0.026004
0 0.543769 0.884809 0.010962 0.020650
0 0.563368 0.878587 0.011805 0.019863
0 0.571682 0.872813 0.017669 0.018175
0 0.577931 0.867472 0.014285 0.014162
0 0.522717 0.824980 0.015649 0.009936
0 0.514053 0.311823 0.017591 0.018977
0 0.903642 0.578290 0.020112 0.016194
0 0.915889 0.666496 0.018889 0.014253
0 0.923711 0.690136 0.019468 0.018889
0 0.960079 0.695582 0.011936 0.024914
0 0.935746 0.638800 0.031659 0.034667
0 0.533856 0.660539 0.017526 0.019537
0 0.625526 0.855774 0.010349 0.016627
0 0.608571 0.870119 0.016533 0.018412
