0 0.235792 0.022039 0.047871 0.044077
0 0.157205 0.226367 0.171536 0.200240
0 0.330382 0.241924 0.199775 0.143598
0 0.728543 0.751277 0.090791 0.095652
0 0.759942 0.790553 0.067736 0.058139
0 0.760044 0.895986 0.035163 0.091818
0 0.631845 0.923478 0.029010 0.088697
0 0.237295 0.822718 0.095440 0.083930
0 0.232933 0.382741 0.074997 0.082170
0 0.447698 0.583694 0.082191 0.092760
0 0.100995 0.936603 0.048647 0.039447
0 0.252493 0.986578 0.311859 0.026844
0 0.614007 0.487420 0.153526 0.117607
0 0.922567 0.789208 0.051769 0.073560
0 0.324078 0.113980 0.069337 0.073516
