0 0.126584 0.359881 0.015919 0.020048
0 0.144549 0.363068 0.014357 0.018505
0 0.167343 0.360003 0.014240 0.009171
0 0.162033 0.368088 0.012791 0.006999
0 0.163355 0.374916 0.017724 0.009703
0 0.153348 0.386636 0.011635 0.018859
0 0.152379 0.369295 0.005551 0.015688
0 0.139535 0.372356 0.020902 0.017870
0 0.135259 0.381573 0.020323 0.018022
0 0.136821 0.395113 0.015553 0.017348
0 0.144898 0.388482 0.006999 0.018825
0 0.326503 0.343557 0.045088 0.052302
0 0.346182 0.346246 0.016170 0.018342
0 0.441149 0.257537 0.017333 0.019308
0 0.679742 0.318590 0.030614 0.045951
0 0.626740 0.420768 0.006643 0.013736
0 0.651004 0.405343 0.015537 0.012610
0 0.479239 0.331105 0.014419 0.009185
0 0.476098 0.336754 0.017612 0.009286
0 0.487291 0.338967 0.009071 0.015317
0 0.488474 0.372670 0.010715 0.008737
0 0.427325 0.426777 0.038258 0.049727
0 0.452311 0.475476 0.025407 0.047893
0 0.397487 0.511099 0.025564 0.025241
0 0.578942 0.432339 0.014982 0.017704
0 0.647483 0.525356 0.017315 0.014134
0 0.588473 0.575356 0.040636 0.059717
0 0.441823 0.618522 0.006981 0.013962
0 0.467255 0.625603 0.013563 0.013763
0 0.347877 0.531058 0.015757 0.012965
0 0.311775 0.547713 0.018550 0.019946
0 0.341694 0.472616 0.011768 0.013364
0 0.324975 0.504002 0.033976 0.038856
0 0.285963 0.571030 0.014964 0.015205
0 0.312306 0.596900 0.017081 0.014531
0 0.186926 0.482294 0.024028 0.042403
0 0.026304 0.590762 0.022643 0.023392
0 0.239098 0.656682 0.033400 0.033435
0 0.270836 0.648021 0.022778 0.021902
0 0.287920 0.674887 0.024823 0.023654
0 0.372540 0.704581 0.025754 0.031904
0 0.317561 0.678830 0.029787 0.042636
0 0.329460 0.673301 0.023474 0.018183
0 0.448557 0.677774 0.014046 0.015522
0 0.398055 0.666110 0.042812 0.025653
0 0.456151 0.887986 0.025758 0.031772
0 0.325298 0.876883 0.031751 0.030933
0 0.326848 0.860803 0.051653 0.049893
0 0.326866 0.844363 0.018667 0.019291
0 0.524285 0.669816 0.011662 0.020441
0 0.634081 0.672926 0.038256 0.058990
0 0.727239 0.642262 0.007301 0.011097
0 0.398125 0.721403 0.047309 0.054902
0 0.387904 0.613351 0.023362 0.036212
0 0.527386 0.384690 0.068905 0.064311
0 0.317552 0.453987 0.036145 0.033786
