0 0.153418 0.009535 0.070895 0.019069
0 0.113391 0.046543 0.046541 0.075437
0 0.109517 0.004277 0.022204 0.008554
0 0.058140 0.012582 0.083608 0.025165
0 0.041037 0.031167 0.081292 0.062335
0 0.047286 0.080451 0.062211 0.069391
0 0.079590 0.053928 0.027996 0.075300
0 0.891509 0.624232 0.063030 0.051860
0 0.747099 0.690852 0.074199 0.079784
0 0.866776 0.390464 0.047073 0.053456
0 0.799898 0.516008 0.135903 0.155425
0 0.643850 0.784120 0.059854 0.060820
0 0.749222 0.887598 0.068326 0.058125
0 0.247704 0.429177 0.096113 0.169611
0 0.770206 0.315946 0.144582 0.135144
