0 0.031873 0.575357 0.063746 0.163666
0 0.097191 0.590079 0.152693 0.150074
0 0.154670 0.692762 0.222019 0.211508
0 0.148841 0.761331 0.144385 0.080526
0 0.180218 0.856590 0.057708 0.076469
0 0.191295 0.881685 0.061930 0.060277
0 0.162620 0.980024 0.038544 0.039952
0 0.700890 0.410433 0.217266 0.219356
0 0.901113 0.503350 0.061586 0.042477
0 0.861825 0.720514 0.084946 0.041415
0 0.970731 0.661577 0.058538 0.074335
0 0.963298 0.715205 0.073403 0.035044
0 0.564602 0.946565 0.086488 0.106869
0 0.918378 0.994248 0.082395 0.011503
