0 0.013066 0.519840 0.021674 0.039756
0 0.168017 0.424434 0.038561 0.045447
0 0.324679 0.379446 0.044364 0.043608
0 0.303308 0.377791 0.021071 0.026616
0 0.044914 0.655037 0.032161 0.057667
0 0.596080 0.730448 0.043250 0.035488
0 0.695334 0.684425 0.070975 0.052122
0 0.622234 0.540656 0.068617 0.070055
0 0.568580 0.588958 0.027562 0.012721
0 0.519366 0.591017 0.010899 0.016844
0 0.517013 0.573678 0.008917 0.008917
0 0.611507 0.521608 0.009653 0.017101
0 0.574243 0.521156 0.021427 0.021895
0 0.605374 0.563173 0.022129 0.013780
0 0.631707 0.551863 0.018503 0.010622
0 0.631201 0.582500 0.015001 0.013352
0 0.498439 0.393839 0.035094 0.040916
0 0.524348 0.397520 0.038177 0.037519
0 0.538719 0.423190 0.055510 0.052877
0 0.537262 0.440333 0.036100 0.020131
0 0.545107 0.464147 0.014428 0.019117
0 0.547876 0.470421 0.015484 0.015069
0 0.419078 0.401104 0.023952 0.028045
0 0.421462 0.422646 0.016555 0.015558
0 0.335409 0.455406 0.018398 0.011389
0 0.433444 0.553337 0.017512 0.023194
0 0.427545 0.569590 0.016938 0.010805
0 0.453244 0.576891 0.024531 0.009053
0 0.465363 0.588134 0.014310 0.018690
0 0.540707 0.495415 0.009637 0.010805
0 0.148328 0.838637 0.056733 0.057053
0 0.186133 0.722113 0.061569 0.040618
0 0.432694 0.626744 0.023398 0.008029
0 0.640119 0.642168 0.009292 0.018318
0 0.664941 0.727786 0.008495 0.019646
0 0.562552 0.653853 0.006078 0.010466
0 0.675287 0.352608 0.054322 0.054839
0 0.725348 0.375837 0.015398 0.010619
0 0.715525 0.430129 0.021239 0.010354
0 0.745391 0.415394 0.019911 0.018584
0 0.743002 0.428801 0.022566 0.008761
0 0.812124 0.370605 0.015159 0.017491
0 0.641212 0.487374 0.021624 0.028182
0 0.729664 0.508202 0.020601 0.022155
0 0.792244 0.543573 0.022933 0.033039
0 0.870105 0.527310 0.027749 0.019283
0 0.824327 0.707874 0.006981 0.018350
0 0.730780 0.740386 0.029720 0.040291
0 0.565978 0.744970 0.012393 0.008898
0 0.128495 0.427942 0.014386 0.015831
