6 0.388277 0.308680 0.022762 0.029436
6 0.398459 0.310605 0.021267 0.027329
6 0.380938 0.225944 0.019348 0.017353
6 0.431402 0.177575 0.028124 0.008776
2 0.332786 0.149222 0.021727 0.025183
6 0.246704 0.733805 0.011661 0.021908
20 0.488577 0.730802 0.030389 0.029329
16 0.531510 0.644759 0.013074 0.014134
6 0.599066 0.540389 0.021065 0.024911
6 0.607395 0.531779 0.018765 0.021175
6 0.770732 0.484865 0.014488 0.026502
6 0.770507 0.351195 0.020783 0.028020
6 0.585335 0.255006 0.013074 0.021201
6 0.718457 0.206615 0.020090 0.034110
6 0.736553 0.217894 0.021011 0.026841
20 0.662191 0.223204 0.019081 0.018375
6 0.624764 0.068793 0.020546 0.024710
6 0.486572 0.418905 0.009894 0.026502
23 0.361379 0.533921 0.015022 0.014497
14 0.904003 0.376323 0.025045 0.019503
