2 0.355161 0.882578 0.050772 0.026045
6 0.328126 0.894282 0.010880 0.019452
6 0.276058 0.925797 0.025553 0.011489
20 0.318298 0.802499 0.035682 0.024414
6 0.508991 0.141432 0.041840 0.044867
2 0.648977 0.115011 0.027484 0.029177
0 0.655511 0.166113 0.037255 0.026870
2 0.641005 0.190592 0.038573 0.026045
6 0.628724 0.213588 0.007748 0.012034
8 0.734366 0.197539 0.008036 0.010452
8 0.733272 0.273340 0.013074 0.012721
6 0.894917 0.620535 0.024471 0.028454
8 0.610984 0.542472 0.026203 0.027431
6 0.500049 0.534260 0.026509 0.015392
6 0.447031 0.576802 0.012827 0.025226
6 0.386103 0.420144 0.010689 0.015307
23 0.682876 0.343428 0.010458 0.007222
20 0.620534 0.337004 0.032495 0.017530
6 0.479543 0.242298 0.017519 0.015550
6 0.449967 0.986926 0.013074 0.007067
6 0.743431 0.880212 0.030389 0.014134
16 0.047765 0.616957 0.007726 0.007199
20 0.190890 0.536506 0.025342 0.022928
