0 0.488699 0.662625 0.274442 0.280221
0 0.274102 0.855830 0.110237 0.050883
0 0.077267 0.864070 0.043591 0.067374
0 0.067855 0.794714 0.035665 0.035669
0 0.445794 0.586432 0.038610 0.068404
0 0.296752 0.584625 0.085701 0.087580
0 0.421263 0.752692 0.088507 0.055121
0 0.526587 0.707454 0.074006 0.042487
0 0.524562 0.830001 0.059997 0.053409
0 0.031873 0.078595 0.063746 0.157190
0 0.097191 0.090079 0.152693 0.150074
0 0.154670 0.192762 0.222019 0.211508
0 0.148841 0.261331 0.144385 0.080526
0 0.180218 0.356590 0.057708 0.076469
0 0.191295 0.381685 0.061930 0.060277
0 0.162620 0.481658 0.038544 0.043221
0 0.901113 0.012294 0.061586 0.024588
0 0.861825 0.220514 0.084946 0.041415
0 0.970731 0.161577 0.058538 0.074335
0 0.963298 0.215205 0.073403 0.035044
0 0.564602 0.449495 0.086488 0.112728
0 0.918378 0.532808 0.082395 0.088622
