0 0.506279 0.162508 0.063351 0.042693
20 0.704249 0.210709 0.036495 0.034430
6 0.402645 0.167672 0.026855 0.015838
23 0.566016 0.284735 0.016335 0.016035
6 0.633568 0.391201 0.011823 0.023236
6 0.512364 0.361724 0.024062 0.029889
6 0.489163 0.383496 0.023448 0.026211
6 0.440326 0.406250 0.011564 0.026341
6 0.420088 0.457005 0.014134 0.017989
6 0.571068 0.408981 0.008995 0.027305
6 0.491884 0.500533 0.015740 0.009958
6 0.408363 0.441586 0.026662 0.015419
6 0.366924 0.435162 0.011886 0.032123
6 0.372945 0.428996 0.026947 0.029111
6 0.380576 0.540526 0.030838 0.012849
6 0.327562 0.584469 0.024596 0.027159
6 0.369494 0.619710 0.009316 0.017025
6 0.249868 0.615252 0.020601 0.025265
6 0.182818 0.626135 0.016603 0.018434
0 0.645194 0.680390 0.043916 0.046356
20 0.840987 0.751808 0.036942 0.057501
0 0.244138 0.407993 0.051307 0.044039
20 0.249483 0.440274 0.029502 0.044466
