0 0.384092 0.921793 0.172985 0.141950
0 0.781071 0.737701 0.283873 0.208489
0 0.488699 0.162625 0.274442 0.280221
0 0.274102 0.355830 0.110237 0.050883
0 0.077267 0.364070 0.043591 0.067374
0 0.067855 0.294714 0.035665 0.035669
0 0.445794 0.086432 0.038610 0.068404
0 0.296752 0.084625 0.085701 0.087580
0 0.421263 0.252692 0.088507 0.055121
0 0.526587 0.207454 0.074006 0.042487
0 0.524562 0.330001 0.059997 0.053409
0 0.560231 0.568672 0.037164 0.073273
0 0.659512 0.911144 0.033979 0.078583
0 0.249993 0.615410 0.024310 0.041864
0 0.918378 0.038559 0.082395 0.077119
0 0.922841 0.940481 0.118867 0.119038
0 0.263697 0.979881 0.049568 0.035590
