0 0.203298 0.154683 0.025088 0.014134
0 0.329800 0.082952 0.010247 0.011307
0 0.336867 0.194259 0.008127 0.007067
0 0.531743 0.085159 0.006360 0.014134
0 0.759835 0.217845 0.023675 0.010247
0 0.775383 0.378799 0.015194 0.028269
0 0.836691 0.372262 0.028269 0.009541
0 0.713401 0.269129 0.021746 0.023473
0 0.748881 0.356537 0.014488 0.019788
0 0.673616 0.302297 0.023675 0.015194
0 0.704888 0.209717 0.022615 0.012368
0 0.732980 0.305654 0.018728 0.033922
0 0.853298 0.414311 0.009187 0.022968
0 0.588104 0.340283 0.054770 0.050883
0 0.685148 0.387507 0.062574 0.058983
0 0.636842 0.437823 0.032174 0.019731
0 0.624146 0.443640 0.015194 0.022968
0 0.606060 0.371004 0.012049 0.018903
0 0.627816 0.566647 0.025359 0.028735
0 0.655866 0.423475 0.017182 0.020261
0 0.812095 0.489327 0.021525 0.014577
0 0.228277 0.883472 0.043688 0.044973
0 0.504493 0.236871 0.040375 0.035049
0 0.561483 0.100521 0.010912 0.007782
0 0.531175 0.843320 0.008772 0.013624
