0 0.170118 0.179025 0.023412 0.022035
0 0.321880 0.174534 0.022486 0.018953
0 0.166786 0.369498 0.025229 0.026497
0 0.209965 0.343174 0.021786 0.022977
0 0.307263 0.387994 0.033574 0.039994
0 0.267183 0.358921 0.006555 0.009001
0 0.330952 0.538083 0.024099 0.028375
0 0.242594 0.833072 0.061894 0.063190
0 0.124161 0.638837 0.018804 0.017753
0 0.622158 0.168032 0.010088 0.014336
0 0.531216 0.171825 0.025692 0.020500
0 0.394109 0.180775 0.017522 0.012743
0 0.366366 0.220863 0.011416 0.012743
0 0.429816 0.237057 0.020442 0.010619
0 0.440476 0.248523 0.019303 0.037608
0 0.428886 0.275281 0.040364 0.022434
0 0.419002 0.288921 0.037946 0.043085
0 0.375320 0.326222 0.012849 0.015098
0 0.732326 0.303632 0.041858 0.065845
0 0.689763 0.453194 0.022575 0.023516
0 0.899587 0.557369 0.044680 0.049383
0 0.776599 0.555253 0.030100 0.019753
0 0.703835 0.604557 0.025342 0.021721
0 0.761155 0.656808 0.018825 0.034995
0 0.617553 0.586938 0.019308 0.009171
0 0.559991 0.586576 0.016170 0.018101
0 0.599398 0.653976 0.014361 0.008377
0 0.569379 0.663151 0.018151 0.011170
0 0.527393 0.621962 0.011968 0.012167
