0 0.875246 0.583497 0.092338 0.090373
0 0.246537 0.868860 0.290195 0.199924
0 0.624374 0.017473 0.020357 0.023859
0 0.661724 0.207457 0.014486 0.020694
0 0.760788 0.315837 0.033128 0.039462
0 0.866963 0.388887 0.048768 0.055486
0 0.698327 0.307216 0.014313 0.014421
0 0.726541 0.310927 0.066774 0.059722
0 0.897277 0.194558 0.022776 0.030221
0 0.861857 0.495932 0.013216 0.016714
0 0.655656 0.401674 0.026042 0.017102
0 0.564507 0.398565 0.020989 0.018657
0 0.909412 0.622542 0.040705 0.018375
0 0.946943 0.588247 0.022933 0.024099
0 0.739576 0.710491 0.018657 0.022933
0 0.642414 0.675667 0.027931 0.026275
0 0.433737 0.904394 0.023902 0.018211
0 0.393901 0.940531 0.023902 0.018780
0 0.321627 0.910938 0.023495 0.025885
0 0.016859 0.582755 0.023827 0.063240
0 0.055897 0.598415 0.006594 0.005245
0 0.277563 0.428876 0.013009 0.022566
0 0.366101 0.388390 0.013805 0.015398
0 0.341544 0.418257 0.029469 0.026814
0 0.132975 0.346166 0.022763 0.030524
0 0.172293 0.244248 0.030006 0.024315
0 0.363529 0.235879 0.041881 0.048485
0 0.367117 0.204651 0.009980 0.008070
0 0.443231 0.326553 0.031592 0.032123
0 0.459823 0.364517 0.021770 0.021504
0 0.475374 0.483377 0.025115 0.017814
0 0.467973 0.471228 0.018462 0.006203
