0 0.925739 0.662625 0.148522 0.280221
0 0.774102 0.855830 0.110237 0.050883
0 0.577267 0.864070 0.043591 0.067374
0 0.567855 0.794714 0.035665 0.035669
0 0.945794 0.586432 0.038610 0.068404
0 0.796752 0.584625 0.085701 0.087580
0 0.921263 0.752692 0.088507 0.055121
0 0.994792 0.707454 0.010416 0.042487
0 0.493564 0.078595 0.140364 0.157190
0 0.597191 0.090079 0.152693 0.150074
0 0.654670 0.192762 0.222019 0.211508
0 0.648841 0.261331 0.144385 0.080526
0 0.680218 0.356590 0.057708 0.076469
0 0.691295 0.381685 0.061930 0.060277
0 0.176151 0.104418 0.095798 0.112178
0 0.185688 0.190585 0.066215 0.062232
0 0.233611 0.713348 0.070041 0.092775
0 0.210016 0.778362 0.067745 0.043221
0 0.312801 0.807565 0.098113 0.036212
0 0.361274 0.852537 0.057233 0.074760
0 0.662620 0.481658 0.038544 0.043221
0 0.230611 0.995459 0.093585 0.009082
