8 0.603355 0.203720 0.058554 0.050015
8 0.760720 0.482962 0.058554 0.044912
8 0.531992 0.417200 0.062214 0.047576
8 0.231143 0.412063 0.040222 0.047702
8 0.423422 0.378773 0.062214 0.048795
8 0.506240 0.353162 0.065767 0.067462
8 0.245718 0.498608 0.058797 0.039486
8 0.306544 0.492440 0.066539 0.062985
8 0.306539 0.391446 0.044876 0.033569
2 0.522084 0.595791 0.038752 0.036585
6 0.538919 0.590700 0.022367 0.024182
6 0.547769 0.519832 0.014219 0.008061
6 0.403324 0.542671 0.007769 0.019993
6 0.561530 0.616010 0.024295 0.016569
6 0.388120 0.449541 0.010513 0.018106
6 0.250681 0.477826 0.018515 0.005621
