0 0.884092 0.921793 0.172985 0.141950
0 0.925739 0.162625 0.148522 0.280221
0 0.774102 0.355830 0.110237 0.050883
0 0.577267 0.364070 0.043591 0.067374
0 0.567855 0.294714 0.035665 0.035669
0 0.945794 0.086432 0.038610 0.068404
0 0.796752 0.084625 0.085701 0.087580
0 0.921263 0.252692 0.088507 0.055121
0 0.994792 0.207454 0.010416 0.042487
0 0.233611 0.213348 0.070041 0.092775
0 0.210016 0.278362 0.067745 0.043221
0 0.312801 0.307565 0.098113 0.036212
0 0.361274 0.352537 0.057233 0.074760
0 0.230611 0.506976 0.093585 0.032116
0 0.749993 0.615410 0.024310 0.041864
0 0.763697 0.979881 0.049568 0.035590
