0 0.432247 0.657506 0.077002 0.040680
0 0.188892 0.683657 0.063926 0.092983
0 0.517239 0.549994 0.055209 0.034869
0 0.556467 0.621910 0.087172 0.042133
0 0.568089 0.564522 0.040680 0.043586
0 0.685771 0.504955 0.162721 0.165626
0 0.714828 0.924106 0.098795 0.071190
0 0.977275 0.971860 0.045449 0.056281
0 0.888614 0.943846 0.173227 0.112307
0 0.513977 0.092146 0.064671 0.043284
0 0.416542 0.132884 0.057890 0.031062
0 0.394956 0.752075 0.317544 0.149751
0 0.827791 0.743781 0.040275 0.056910
0 0.924977 0.381743 0.043777 0.033271
