0 0.190441 0.156800 0.015392 0.011117
0 0.363233 0.316031 0.013352 0.020605
0 0.426203 0.358891 0.016320 0.028188
0 0.474008 0.358231 0.030826 0.023573
0 0.477634 0.337626 0.006099 0.007088
0 0.488062 0.341160 0.015312 0.013060
0 0.560196 0.387385 0.007944 0.009406
0 0.536496 0.460508 0.009891 0.010385
0 0.444657 0.439459 0.008040 0.006082
0 0.484589 0.537833 0.013252 0.007183
0 0.437248 0.523729 0.117822 0.097197
0 0.390405 0.588893 0.106632 0.087982
0 0.255422 0.562886 0.101589 0.098767
0 0.189448 0.534964 0.014482 0.016947
0 0.179658 0.638861 0.010612 0.008305
0 0.324331 0.696984 0.006141 0.011873
0 0.335487 0.702511 0.012078 0.011464
0 0.515019 0.623298 0.028851 0.025494
0 0.567252 0.658911 0.026621 0.020359
0 0.513416 0.666530 0.011629 0.009435
0 0.523253 0.689686 0.015443 0.018609
0 0.581609 0.601518 0.016325 0.011272
0 0.650051 0.546604 0.014325 0.013056
0 0.675528 0.560929 0.019221 0.013056
0 0.579333 0.532098 0.012149 0.009066
0 0.659843 0.518317 0.009248 0.006890
0 0.704215 0.382823 0.100671 0.110777
0 0.683826 0.742619 0.028146 0.030299
0 0.554029 0.850513 0.011995 0.010168
