6 0.140027 0.422162 0.018647 0.016116
19 0.535761 0.896037 0.010806 0.010513
19 0.807446 0.820206 0.011681 0.013009
7 0.666993 0.782953 0.063333 0.058766
2 0.650519 0.734407 0.053812 0.054222
16 0.610645 0.688708 0.009574 0.010372
2 0.541884 0.640721 0.038991 0.045815
19 0.552481 0.531292 0.014017 0.013433
8 0.645639 0.476098 0.021026 0.028619
7 0.738377 0.447456 0.013364 0.011369
19 0.776573 0.452642 0.010771 0.008577
19 0.838307 0.455534 0.017438 0.013952
19 0.730199 0.385523 0.016555 0.013962
2 0.842495 0.270334 0.040889 0.077590
6 0.891838 0.184289 0.011061 0.007797
6 0.783495 0.199158 0.013056 0.012512
6 0.708003 0.154192 0.008761 0.018053
11 0.503128 0.074103 0.011666 0.011599
19 0.541853 0.250328 0.018914 0.016641
19 0.569978 0.211256 0.019616 0.020559
19 0.462432 0.331812 0.018922 0.020556
19 0.518673 0.808572 0.014700 0.008996
20 0.543061 0.733823 0.023536 0.035105
16 0.375429 0.148383 0.005855 0.008332
