0 0.063428 0.416634 0.030742 0.025795
0 0.378035 0.402710 0.147903 0.132221
0 0.460681 0.345577 0.014336 0.018053
0 0.609152 0.353108 0.009007 0.011259
0 0.634029 0.269841 0.013170 0.014494
0 0.508348 0.917230 0.034513 0.076507
0 0.431105 0.829223 0.014490 0.015605
0 0.505259 0.487532 0.010829 0.013887
0 0.611986 0.527780 0.068876 0.064339
0 0.703308 0.470797 0.029839 0.014700
0 0.708479 0.420656 0.072256 0.060725
0 0.863124 0.640963 0.016484 0.014506
0 0.809501 0.653318 0.015138 0.012075
0 0.815810 0.633986 0.060489 0.073382
0 0.157923 0.776995 0.048506 0.066495
0 0.197756 0.841402 0.006746 0.016062
0 0.272625 0.661310 0.014380 0.009982
0 0.113759 0.539968 0.012469 0.018238
0 0.111992 0.568753 0.017121 0.028724
0 0.118133 0.559323 0.015353 0.022627
0 0.125158 0.557741 0.011259 0.039639
