0 0.161940 0.681347 0.088210 0.091025
0 0.221529 0.751727 0.076949 0.076011
0 0.352163 0.675457 0.008668 0.011798
0 0.324474 0.667872 0.055378 0.036116
0 0.502406 0.654871 0.006260 0.006742
0 0.489404 0.569155 0.007705 0.006742
0 0.498554 0.565423 0.010113 0.006982
0 0.531058 0.521241 0.010113 0.007705
0 0.543338 0.507998 0.008186 0.006742
0 0.456057 0.519796 0.010353 0.021670
0 0.439684 0.554347 0.006019 0.006019
0 0.449917 0.561209 0.007223 0.006260
0 0.468698 0.577582 0.019744 0.020707
0 0.483866 0.592751 0.005779 0.009149
0 0.552380 0.509530 0.009884 0.010379
0 0.635706 0.550895 0.014950 0.017668
0 0.648890 0.568292 0.014407 0.017397
0 0.612873 0.613211 0.050015 0.037647
0 0.707400 0.630131 0.009106 0.007067
0 0.650725 0.640936 0.011281 0.009650
0 0.613874 0.705991 0.010896 0.008332
0 0.799106 0.751338 0.008332 0.009935
0 0.778773 0.615433 0.010507 0.007004
0 0.933575 0.717075 0.009905 0.009905
0 0.895264 0.595005 0.013110 0.016898
0 0.878367 0.624575 0.006701 0.011945
0 0.369350 0.297157 0.026019 0.014076
0 0.402194 0.359859 0.023460 0.025166
0 0.399421 0.459031 0.010237 0.020474
0 0.522054 0.370736 0.010664 0.009384
0 0.552978 0.352821 0.010237 0.009384
0 0.561509 0.270711 0.008531 0.013223
0 0.779470 0.447049 0.009535 0.011124
