0 0.022422 0.049994 0.044844 0.034869
0 0.056467 0.121910 0.087172 0.042133
0 0.068089 0.064522 0.040680 0.043586
0 0.185771 0.043884 0.162721 0.087768
0 0.360841 0.595544 0.039227 0.030510
0 0.214828 0.424106 0.098795 0.071190
0 0.440749 0.559948 0.062473 0.095889
0 0.766916 0.275914 0.087172 0.111870
0 0.759652 0.411030 0.183061 0.100247
0 0.616545 0.464786 0.138022 0.108965
0 0.506127 0.509825 0.103153 0.132210
0 0.388614 0.446235 0.173227 0.117085
0 0.875881 0.591911 0.145286 0.084266
0 0.858446 0.498928 0.119135 0.136569
0 0.849003 0.174940 0.068285 0.043586
0 0.717463 0.006763 0.138508 0.013525
0 0.026864 0.252075 0.053728 0.149751
0 0.327791 0.243781 0.040275 0.056910
