0 0.253743 0.566156 0.021429 0.045266
0 0.294795 0.621895 0.008668 0.015650
0 0.377621 0.630924 0.008668 0.010113
0 0.366546 0.579639 0.010594 0.017336
0 0.388215 0.571212 0.020225 0.028411
0 0.339338 0.495849 0.013483 0.013483
0 0.407839 0.452871 0.010835 0.015650
0 0.413858 0.436980 0.022874 0.015169
0 0.502463 0.386538 0.012761 0.012520
0 0.340301 0.345606 0.017817 0.023114
0 0.254826 0.416273 0.092458 0.070065
0 0.130226 0.363395 0.020474 0.030285
0 0.320892 0.293654 0.023034 0.032418
0 0.350349 0.236021 0.021983 0.033661
0 0.565367 0.272086 0.024731 0.035722
0 0.469197 0.601320 0.013043 0.014453
0 0.615128 0.152068 0.013115 0.033099
