0 0.901889 0.489542 0.079910 0.084158
0 0.821315 0.511709 0.032920 0.037699
0 0.800065 0.238344 0.013600 0.014869
0 0.517264 0.740901 0.013813 0.012528
0 0.372486 0.225810 0.022373 0.036325
0 0.225253 0.354321 0.033566 0.036507
0 0.315449 0.520743 0.040265 0.041221
0 0.366257 0.593014 0.039836 0.025040
0 0.830132 0.762345 0.076853 0.117109
0 0.112229 0.671914 0.085392 0.092711
0 0.274953 0.776433 0.018283 0.008092
0 0.247379 0.763920 0.019781 0.016335
0 0.220580 0.742692 0.014135 0.017386
0 0.211413 0.736121 0.006893 0.011089
0 0.524988 0.657164 0.010096 0.008128
0 0.534976 0.055661 0.005920 0.018109
0 0.193640 0.574512 0.011442 0.038285
0 0.440732 0.528895 0.025606 0.024682
0 0.333608 0.048934 0.018056 0.020179
