0 0.022422 0.549994 0.044844 0.034869
0 0.056467 0.621910 0.087172 0.042133
0 0.068089 0.564522 0.040680 0.043586
0 0.185771 0.504955 0.162721 0.165626
0 0.214828 0.924106 0.098795 0.071190
0 0.766916 0.775914 0.087172 0.111870
0 0.759652 0.911030 0.183061 0.100247
0 0.616545 0.955152 0.138022 0.089696
0 0.506127 0.971860 0.103153 0.056281
0 0.388614 0.943846 0.173227 0.112307
0 0.858446 0.965322 0.119135 0.069356
0 0.849003 0.674940 0.068285 0.043586
0 0.717463 0.457002 0.138508 0.113047
0 0.825163 0.259170 0.139017 0.093187
0 0.023156 0.092146 0.046312 0.043284
0 0.026864 0.752075 0.053728 0.149751
0 0.327791 0.743781 0.040275 0.056910
0 0.424977 0.381743 0.043777 0.033271
