0 0.233858 0.071503 0.013433 0.008177
0 0.328476 0.095157 0.007593 0.018106
0 0.351801 0.092103 0.011190 0.009654
0 0.812885 0.305524 0.012287 0.013823
0 0.846345 0.323735 0.007679 0.013823
0 0.880215 0.318855 0.017947 0.021846
0 0.873222 0.327246 0.012287 0.010312
0 0.952389 0.434316 0.007899 0.018650
0 0.902474 0.538425 0.008996 0.017553
0 0.887108 0.567894 0.013681 0.015627
0 0.992650 0.561353 0.012945 0.013384
0 0.914102 0.529429 0.010751 0.013603
0 0.820086 0.579344 0.017553 0.006363
0 0.802221 0.610525 0.022329 0.022551
0 0.820674 0.634267 0.025733 0.021943
0 0.783006 0.653833 0.007460 0.019747
0 0.769184 0.878506 0.009654 0.017991
0 0.082428 0.620944 0.014310 0.017522
0 0.090384 0.440907 0.005549 0.011389
0 0.142803 0.284671 0.012265 0.017230
0 0.048039 0.351984 0.008469 0.017522
0 0.614140 0.248900 0.019018 0.042654
0 0.623219 0.239412 0.011609 0.018781
0 0.463453 0.305259 0.017522 0.008761
0 0.476448 0.307303 0.015478 0.012265
0 0.580703 0.324270 0.041760 0.032766
0 0.753877 0.290073 0.010221 0.017522
0 0.646134 0.365550 0.055027 0.075059
0 0.601836 0.360647 0.012538 0.007858
0 0.661990 0.354586 0.016841 0.010305
0 0.698612 0.402384 0.082463 0.099412
0 0.613792 0.409780 0.010137 0.017377
0 0.553938 0.480616 0.020273 0.026307
0 0.533182 0.530816 0.011585 0.027755
0 0.549714 0.514284 0.013757 0.014481
0 0.528596 0.478202 0.013998 0.019549
0 0.534268 0.450568 0.012791 0.016894
0 0.478999 0.426554 0.018101 0.020032
0 0.495652 0.440069 0.012309 0.011826
0 0.484080 0.435681 0.015650 0.023554
0 0.492153 0.400488 0.009654 0.021480
0 0.492273 0.382387 0.009895 0.012309
0 0.494663 0.370562 0.034038 0.035829
0 0.435131 0.377627 0.015166 0.017638
0 0.410816 0.446037 0.007922 0.015644
0 0.387145 0.496742 0.097017 0.130297
0 0.386607 0.524599 0.012210 0.012101
0 0.321433 0.365547 0.010698 0.006709
0 0.333763 0.521489 0.005621 0.010698
0 0.394055 0.601092 0.006890 0.006346
0 0.407201 0.611972 0.009610 0.006709
0 0.507843 0.655182 0.013945 0.010915
0 0.542018 0.621945 0.010517 0.011424
0 0.558516 0.605602 0.008374 0.008281
0 0.567588 0.609789 0.004373 0.008654
0 0.524252 0.573111 0.035557 0.030517
0 0.692534 0.550609 0.019549 0.007240
0 0.739717 0.605998 0.014964 0.012791
0 0.768368 0.633932 0.010809 0.029724
0 0.612208 0.697868 0.007748 0.008572
0 0.576024 0.670422 0.007912 0.011374
0 0.686615 0.743764 0.011372 0.012498
0 0.124781 0.736368 0.017717 0.008332
0 0.312195 0.733714 0.020974 0.005461
0 0.313698 0.729162 0.013693 0.010289
0 0.391162 0.229786 0.007470 0.015419
