0 0.503307 0.790014 0.022392 0.032745
0 0.515707 0.813730 0.039969 0.027689
0 0.500779 0.717661 0.037079 0.038283
0 0.533525 0.658671 0.084753 0.066213
0 0.742370 0.589212 0.011143 0.038206
0 0.731525 0.588317 0.009352 0.013332
0 0.769731 0.534491 0.028455 0.019899
0 0.719188 0.536978 0.036813 0.034425
0 0.746748 0.559364 0.035420 0.033032
0 0.768736 0.595878 0.046364 0.036415
0 0.768636 0.492405 0.060094 0.072232
0 0.939508 0.623040 0.023878 0.033032
0 0.931349 0.600256 0.029052 0.030445
0 0.550189 0.473800 0.037211 0.032236
0 0.484125 0.506135 0.038405 0.029251
0 0.532777 0.527128 0.025470 0.011541
0 0.512879 0.538272 0.025868 0.033032
0 0.623615 0.483052 0.024873 0.025669
0 0.414479 0.554588 0.036017 0.025470
0 0.449203 0.440967 0.079197 0.074023
0 0.509695 0.389727 0.019899 0.012934
0 0.521110 0.380791 0.036360 0.022793
0 0.538114 0.395806 0.045044 0.056078
0 0.642527 0.251041 0.035225 0.038139
0 0.432499 0.294163 0.123686 0.149553
0 0.315037 0.473291 0.059857 0.041847
0 0.160893 0.476072 0.010064 0.032577
0 0.132421 0.462565 0.012448 0.024102
0 0.188727 0.844602 0.028522 0.013780
