0 0.955843 0.997061 0.039206 0.005878
0 0.915873 0.980766 0.091651 0.038468
0 0.982122 0.970072 0.035756 0.059855
0 0.860373 0.941418 0.045825 0.047357
0 0.809202 0.917739 0.037169 0.046848
0 0.209971 0.799212 0.030245 0.077299
0 0.195689 0.915722 0.064410 0.047052
0 0.195129 0.980266 0.103616 0.039467
0 0.315828 0.975225 0.053768 0.049550
0 0.382478 0.910120 0.071691 0.133314
0 0.305550 0.579831 0.059638 0.060322
0 0.407206 0.349050 0.042018 0.052866
0 0.668123 0.393783 0.050150 0.040666
0 0.558335 0.313128 0.043373 0.168087
0 0.850637 0.891794 0.030719 0.029459
0 0.928696 0.719038 0.095101 0.079539
0 0.962991 0.612144 0.048392 0.034088
0 0.946464 0.658016 0.107073 0.094690
0 0.888719 0.537024 0.030298 0.032826
