0 0.902007 0.942967 0.138010 0.102841
0 0.380185 0.913198 0.063142 0.050518
0 0.540294 0.840578 0.047807 0.051420
0 0.825335 0.717439 0.078476 0.075777
0 0.800529 0.529349 0.050514 0.065854
0 0.455843 0.521874 0.039206 0.055505
0 0.415873 0.532822 0.091651 0.142581
0 0.515161 0.506088 0.101834 0.131888
0 0.360373 0.441418 0.045825 0.047357
0 0.309202 0.417739 0.037169 0.046848
0 0.182528 0.616598 0.016067 0.033285
0 0.350637 0.391794 0.030719 0.029459
0 0.428696 0.219038 0.095101 0.079539
0 0.462991 0.112144 0.048392 0.034088
0 0.465937 0.158016 0.146018 0.094690
0 0.388719 0.037024 0.030298 0.032826
0 0.980853 0.132551 0.038294 0.062246
0 0.957401 0.174048 0.085199 0.065854
0 0.845098 0.331467 0.309804 0.449252
