0 0.455843 0.997061 0.039206 0.005878
0 0.415873 0.980766 0.091651 0.038468
0 0.515161 0.970072 0.101834 0.059855
0 0.360373 0.941418 0.045825 0.047357
0 0.309202 0.917739 0.037169 0.046848
0 0.168123 0.393783 0.050150 0.040666
0 0.058335 0.313128 0.043373 0.168087
0 0.350637 0.891794 0.030719 0.029459
0 0.428696 0.719038 0.095101 0.079539
0 0.462991 0.612144 0.048392 0.034088
0 0.465937 0.658016 0.146018 0.094690
0 0.388719 0.537024 0.030298 0.032826
0 0.980853 0.632551 0.038294 0.062246
0 0.957401 0.674048 0.085199 0.065854
0 0.845098 0.803420 0.309804 0.393160
