0 0.975722 0.820397 0.048557 0.043131
0 0.880185 0.413198 0.063142 0.050518
0 0.955843 0.024813 0.039206 0.049627
0 0.915873 0.052057 0.091651 0.104113
0 0.982122 0.036016 0.035756 0.072032
0 0.466889 0.403362 0.044262 0.049325
0 0.320035 0.479562 0.073032 0.032251
0 0.199738 0.469760 0.094846 0.061340
0 0.219182 0.323209 0.052798 0.058494
0 0.042926 0.541534 0.066393 0.091694
0 0.682528 0.116598 0.016067 0.033285
0 0.195129 0.030399 0.103616 0.060798
0 0.315828 0.020317 0.053768 0.040633
0 0.358616 0.769023 0.065602 0.048386
0 0.357386 0.982309 0.089383 0.035382
