0 0.402007 0.942967 0.138010 0.102841
0 0.732149 0.817123 0.047807 0.051420
0 0.040294 0.840578 0.047807 0.051420
0 0.325335 0.717439 0.078476 0.075777
0 0.517918 0.661057 0.032473 0.080288
0 0.300529 0.529349 0.050514 0.065854
0 0.542272 0.502285 0.059534 0.051420
0 0.033039 0.506088 0.066078 0.131888
0 0.019473 0.158016 0.038946 0.094690
0 0.509063 0.132551 0.094713 0.062246
0 0.610541 0.151946 0.066750 0.057735
0 0.467119 0.174048 0.104635 0.065854
0 0.394054 0.331467 0.407716 0.449252
0 0.960739 0.770714 0.078521 0.023205
0 0.607476 0.101434 0.026092 0.038768
