0 0.966889 0.903362 0.044262 0.049325
0 0.820035 0.979562 0.073032 0.032251
0 0.699738 0.969545 0.094846 0.060910
0 0.719182 0.823209 0.052798 0.058494
0 0.709971 0.299212 0.030245 0.077299
0 0.695689 0.415722 0.064410 0.047052
0 0.695129 0.510665 0.103616 0.100265
0 0.815828 0.495542 0.053768 0.090183
0 0.882478 0.410120 0.071691 0.133314
0 0.805550 0.079831 0.059638 0.060322
0 0.110198 0.090908 0.118166 0.112764
0 0.043598 0.275390 0.087197 0.090211
0 0.043598 0.003280 0.087197 0.006561
0 0.437183 0.455362 0.097419 0.071267
