0 0.013247 0.820397 0.026495 0.043131
0 0.181079 0.664958 0.069451 0.067217
0 0.255851 0.572815 0.155144 0.091303
0 0.402007 0.442967 0.138010 0.102841
0 0.732149 0.317123 0.047807 0.051420
0 0.040294 0.340578 0.047807 0.051420
0 0.325335 0.217439 0.078476 0.075777
0 0.517918 0.161057 0.032473 0.080288
0 0.300529 0.031138 0.050514 0.062276
0 0.542272 0.013998 0.059534 0.027995
0 0.033039 0.036016 0.066078 0.072032
0 0.394054 0.028046 0.407716 0.056093
0 0.960739 0.270714 0.078521 0.023205
0 0.985876 0.602354 0.028248 0.063814
