0 0.360472 0.928598 0.016464 0.009698
0 0.301383 0.970320 0.012855 0.010149
0 0.315140 0.894656 0.015110 0.009923
0 0.359908 0.844814 0.017140 0.013081
0 0.315930 0.804331 0.048714 0.033153
0 0.205421 0.789221 0.032025 0.025936
0 0.426213 0.789334 0.009021 0.021200
0 0.625806 0.805820 0.029319 0.032927
0 0.713960 0.900000 0.018096 0.019043
0 0.824238 0.812850 0.010503 0.006862
0 0.670795 0.738072 0.027111 0.024739
0 0.586074 0.730532 0.018639 0.033380
0 0.672913 0.687917 0.014064 0.019994
0 0.492541 0.704522 0.062694 0.052866
0 0.188985 0.712063 0.012708 0.008303
0 0.122648 0.706047 0.023383 0.022705
0 0.822446 0.760069 0.019994 0.015250
0 0.859893 0.718301 0.039650 0.061169
0 0.890901 0.682041 0.022028 0.032025
0 0.858877 0.666283 0.035244 0.028975
0 0.960605 0.553518 0.015080 0.022028
0 0.857245 0.464815 0.013386 0.005253
0 0.896640 0.444482 0.033211 0.012369
0 0.846993 0.551655 0.014572 0.022705
0 0.872918 0.552586 0.014911 0.008642
0 0.764136 0.476083 0.019994 0.024061
0 0.773201 0.512090 0.017791 0.008980
0 0.754562 0.634088 0.013386 0.014403
0 0.693986 0.665944 0.016944 0.012369
0 0.686446 0.517512 0.023891 0.031686
0 0.443974 0.633834 0.008980 0.016267
0 0.402376 0.573936 0.009828 0.016775
0 0.704915 0.410170 0.011014 0.005083
0 0.652897 0.332735 0.021858 0.008133
0 0.551485 0.245556 0.027789 0.037108
0 0.476337 0.291475 0.021180 0.023553
0 0.482861 0.371368 0.043716 0.041005
0 0.518190 0.441432 0.011353 0.013047
0 0.234881 0.396445 0.008642 0.013894
0 0.237508 0.421014 0.016944 0.020333
0 0.185879 0.483115 0.009489 0.009997
