0 0.880185 0.913198 0.063142 0.050518
0 0.955843 0.521874 0.039206 0.055505
0 0.915873 0.532822 0.091651 0.142581
0 0.982122 0.506088 0.035756 0.131888
0 0.860373 0.441418 0.045825 0.047357
0 0.809202 0.417739 0.037169 0.046848
0 0.466889 0.903362 0.044262 0.049325
0 0.320035 0.979562 0.073032 0.032251
0 0.199738 0.969545 0.094846 0.060910
0 0.219182 0.823209 0.052798 0.058494
0 0.682528 0.616598 0.016067 0.033285
0 0.209971 0.299212 0.030245 0.077299
0 0.195689 0.415722 0.064410 0.047052
0 0.195129 0.510665 0.103616 0.100265
0 0.315828 0.495542 0.053768 0.090183
0 0.382478 0.410120 0.071691 0.133314
0 0.305550 0.079831 0.059638 0.060322
0 0.850637 0.391794 0.030719 0.029459
0 0.928696 0.219038 0.095101 0.079539
0 0.962991 0.112144 0.048392 0.034088
0 0.946464 0.158016 0.107073 0.094690
0 0.888719 0.037024 0.030298 0.032826
