0 0.684350 0.775205 0.035752 0.041513
0 0.593240 0.784273 0.004189 0.004980
0 0.622302 0.705099 0.018765 0.010783
0 0.670334 0.666239 0.017364 0.016804
0 0.689029 0.643204 0.038790 0.022826
0 0.725571 0.610742 0.034506 0.025710
0 0.808114 0.579281 0.011953 0.012855
0 0.595103 0.603299 0.015787 0.012630
0 0.635134 0.585144 0.011953 0.012855
0 0.706401 0.554360 0.019621 0.018944
0 0.754552 0.540264 0.008119 0.020072
0 0.700199 0.507337 0.012630 0.016464
0 0.760641 0.500571 0.014885 0.012855
0 0.614019 0.505469 0.009802 0.013876
0 0.604026 0.508206 0.022915 0.035645
0 0.628850 0.501522 0.025461 0.032972
0 0.590150 0.485354 0.011457 0.011839
0 0.577356 0.479435 0.009293 0.011712
0 0.491769 0.600840 0.011066 0.012331
0 0.455052 0.619891 0.018260 0.008063
0 0.424975 0.617440 0.023714 0.015335
0 0.429837 0.580802 0.013201 0.014624
0 0.385768 0.635384 0.016600 0.022923
0 0.545684 0.529149 0.004017 0.008321
0 0.427534 0.449803 0.007562 0.019325
0 0.423963 0.478930 0.016104 0.011763
0 0.423823 0.502666 0.025907 0.025066
0 0.454000 0.498885 0.013443 0.022546
0 0.470664 0.477530 0.017925 0.033328
0 0.451431 0.394958 0.014911 0.015080
0 0.476847 0.337263 0.010505 0.013217
0 0.542083 0.348446 0.012539 0.010167
0 0.514633 0.328282 0.010844 0.042022
0 0.587715 0.472949 0.007680 0.007365
0 0.607232 0.429760 0.023778 0.019885
0 0.615807 0.403036 0.012099 0.008522
0 0.616543 0.414504 0.036508 0.023672
0 0.597237 0.384256 0.007575 0.008206
0 0.752338 0.408138 0.023680 0.015561
0 0.777710 0.412987 0.016689 0.014434
0 0.741851 0.418512 0.026161 0.016464
0 0.723583 0.457867 0.101939 0.112313
0 0.866571 0.567679 0.022238 0.005801
0 0.874306 0.650589 0.012569 0.015954
0 0.776943 0.400358 0.006524 0.009692
0 0.914289 0.332208 0.012785 0.009858
0 0.842969 0.324121 0.015558 0.015250
0 0.825794 0.268898 0.027419 0.021565
0 0.652339 0.194404 0.033838 0.019375
0 0.624368 0.214597 0.013917 0.015009
0 0.751534 0.175711 0.031382 0.021285
0 0.361570 0.228814 0.013644 0.013396
0 0.277576 0.397727 0.029544 0.028191
0 0.218939 0.410018 0.027740 0.056833
0 0.256828 0.443848 0.029995 0.022553
0 0.208790 0.467641 0.063373 0.062020
0 0.259647 0.372242 0.024357 0.008796
0 0.254008 0.364800 0.023004 0.014659
0 0.359330 0.488840 0.024357 0.017817
0 0.149027 0.632178 0.022374 0.012386
0 0.084902 0.524503 0.021175 0.015981
0 0.464698 0.692256 0.016402 0.012097
0 0.464391 0.750893 0.022348 0.019477
0 0.482433 0.781647 0.021118 0.010046
