0 0.742608 0.084851 0.084284 0.111514
0 0.654964 0.187802 0.031914 0.049462
0 0.533691 0.057603 0.154782 0.115205
0 0.642996 0.246039 0.068615 0.098923
0 0.942084 0.066979 0.041404 0.063594
0 0.874628 0.148198 0.063244 0.098766
0 0.931018 0.160279 0.073402 0.048664
0 0.918377 0.289475 0.055409 0.090156
0 0.902221 0.584146 0.081065 0.051582
0 0.957047 0.639003 0.085906 0.066320
0 0.972258 0.588988 0.055484 0.096681
0 0.761652 0.623630 0.476696 0.552764
0 0.680545 0.741176 0.089511 0.129638
0 0.486127 0.672073 0.113688 0.176598
0 0.549390 0.448117 0.041118 0.062956
0 0.452378 0.504648 0.062962 0.065525
0 0.710650 0.848336 0.178606 0.136190
0 0.619383 0.940777 0.196790 0.118445
0 0.551631 0.846358 0.250510 0.284084
0 0.889303 0.973431 0.221394 0.053138
0 0.092617 0.255411 0.174128 0.105843
0 0.134356 0.198863 0.061677 0.034690
0 0.450449 0.345973 0.074288 0.078998
0 0.271345 0.164034 0.060472 0.061262
0 0.226872 0.548332 0.167042 0.191437
0 0.309750 0.120489 0.065532 0.050108
