0 0.067138 0.488588 0.068171 0.077811
0 0.210021 0.402514 0.016526 0.019969
0 0.293981 0.153124 0.006099 0.011045
0 0.297030 0.179911 0.007253 0.006264
0 0.258787 0.174141 0.008242 0.007253
0 0.518828 0.063382 0.011374 0.012034
0 0.366844 0.304500 0.021392 0.023531
0 0.448780 0.289194 0.012693 0.008737
0 0.440785 0.278479 0.009231 0.016320
0 0.477643 0.365924 0.016954 0.010173
0 0.449502 0.396585 0.008447 0.014722
0 0.371001 0.357815 0.034790 0.026500
0 0.371376 0.369606 0.012469 0.022518
0 0.414697 0.336510 0.123087 0.127601
0 0.435459 0.472872 0.024819 0.024136
0 0.298402 0.436661 0.027973 0.027742
0 0.412351 0.430697 0.103534 0.097527
0 0.240973 0.436351 0.008834 0.021201
0 0.204047 0.522040 0.008481 0.010954
0 0.217298 0.541651 0.008127 0.017668
0 0.230508 0.532453 0.059178 0.051671
0 0.278675 0.501898 0.063805 0.066943
0 0.426485 0.550662 0.010954 0.016608
0 0.394392 0.575099 0.019001 0.020645
0 0.399976 0.644079 0.011910 0.009212
0 0.477701 0.633440 0.008447 0.009400
0 0.457402 0.607214 0.008447 0.008719
0 0.477796 0.653429 0.017384 0.017833
0 0.503946 0.658899 0.010340 0.017983
0 0.962092 0.374291 0.014240 0.011585
0 0.621201 0.830110 0.027562 0.018375
0 0.428091 0.875795 0.012368 0.009541
0 0.321201 0.675088 0.021201 0.025795
0 0.311489 0.681837 0.018552 0.026085
0 0.417704 0.648856 0.052874 0.053190
0 0.454526 0.683635 0.005075 0.003722
0 0.492106 0.687267 0.017184 0.016143
0 0.521568 0.686382 0.005967 0.010133
0 0.308943 0.594477 0.015398 0.009557
0 0.537789 0.129219 0.013274 0.005044
