0 0.074718 0.965317 0.149437 0.069367
0 0.035682 0.237805 0.071364 0.263470
0 0.086917 0.581779 0.173835 0.385447
0 0.276305 0.432968 0.234218 0.214679
0 0.303142 0.667163 0.287893 0.409842
0 0.102075 0.124253 0.204150 0.248506
0 0.329443 0.117961 0.215889 0.235923
0 0.484737 0.151166 0.375168 0.302333
0 0.545627 0.104509 0.084571 0.077383
0 0.755859 0.133627 0.323127 0.178700
0 0.900868 0.100320 0.198265 0.200640
0 0.638975 0.034903 0.406900 0.069806
0 0.956717 0.325889 0.086567 0.199442
0 0.846216 0.570530 0.307568 0.493368
0 0.971497 0.551901 0.057005 0.355893
0 0.629917 0.828547 0.249277 0.342905
0 0.758410 0.914630 0.244138 0.170740
0 0.863666 0.931948 0.267413 0.136104
0 0.533985 0.941601 0.247140 0.116798
0 0.436169 0.863127 0.276855 0.273747
0 0.185625 0.853977 0.371250 0.292046
0 0.523146 0.317543 0.251873 0.300042
0 0.569790 0.514980 0.394912 0.275168
0 0.092880 0.322207 0.185761 0.163235
0 0.233959 0.117185 0.186573 0.234371
