0 0.149695 0.042534 0.224864 0.085068
0 0.314809 0.017480 0.244138 0.034960
0 0.328960 0.238277 0.598190 0.476554
0 0.530675 0.118540 0.460073 0.237081
0 0.188379 0.416575 0.376758 0.373110
0 0.862999 0.308280 0.082686 0.058019
0 0.993876 0.345630 0.012248 0.054393
0 0.631987 0.710064 0.034090 0.039163
0 0.586292 0.760469 0.025386 0.038438
0 0.796616 0.938836 0.067845 0.049465
0 0.406292 0.709428 0.273820 0.319426
0 0.539691 0.729611 0.210631 0.215876
0 0.452051 0.515552 0.237872 0.334476
0 0.775988 0.672522 0.069122 0.049788
0 0.718391 0.586482 0.336295 0.300286
0 0.811306 0.563566 0.377389 0.546737
0 0.889116 0.890682 0.221768 0.218636
0 0.849259 0.203129 0.301483 0.406258
