0 0.322247 0.255338 0.020613 0.021307
0 0.420831 0.209225 0.029260 0.016706
0 0.409275 0.444872 0.021401 0.027717
0 0.466498 0.457861 0.019547 0.023536
0 0.446588 0.511248 0.014017 0.007593
0 0.488348 0.542204 0.035044 0.029787
0 0.591143 0.557973 0.010513 0.031539
0 0.463525 0.589221 0.033292 0.025699
0 0.455202 0.640910 0.012557 0.026283
0 0.314809 0.444996 0.016354 0.012557
0 0.565172 0.279347 0.008188 0.006141
0 0.844278 0.495784 0.018625 0.019659
0 0.822924 0.536585 0.026771 0.019205
0 0.555945 0.402107 0.014760 0.017553
0 0.645169 0.393278 0.009814 0.007203
