0 0.010196 0.345630 0.020391 0.054393
0 0.094811 0.563566 0.189622 0.546737
0 0.058727 0.890682 0.117455 0.218636
0 0.940483 0.896235 0.050200 0.083981
0 0.728097 0.986006 0.050200 0.027989
0 0.696239 0.939191 0.040546 0.052126
0 0.339972 0.381974 0.331231 0.330272
0 0.067879 0.203129 0.135757 0.406258
0 0.527918 0.809413 0.496060 0.381174
0 0.933212 0.545291 0.133576 0.229316
0 0.930772 0.799003 0.138456 0.317140
0 0.473621 0.154328 0.278134 0.308656
0 0.626984 0.076645 0.414539 0.153289
0 0.249162 0.098219 0.297652 0.196438
0 0.702959 0.071384 0.170784 0.142768
0 0.982007 0.137251 0.035986 0.274503
0 0.806344 0.389161 0.387312 0.424479
0 0.962649 0.439389 0.074702 0.462871
0 0.807617 0.867565 0.285256 0.264871
