0 0.556636 0.539424 0.050145 0.022966
0 0.527192 0.537896 0.015907 0.018436
0 0.528035 0.517090 0.024756 0.022544
0 0.485896 0.497443 0.014643 0.019278
0 0.497168 0.515984 0.019489 0.024335
0 0.512917 0.532892 0.017066 0.019384
0 0.479733 0.569658 0.020648 0.020227
0 0.497040 0.409582 0.014498 0.020514
0 0.605145 0.390318 0.075330 0.078044
0 0.744473 0.592694 0.033007 0.046734
0 0.615119 0.463756 0.029843 0.020757
0 0.124561 0.691389 0.006976 0.011955
0 0.132705 0.712372 0.012232 0.012625
0 0.150093 0.686466 0.005457 0.011000
0 0.157276 0.685726 0.011579 0.010796
0 0.178346 0.687100 0.019452 0.015717
0 0.170815 0.698219 0.012711 0.016803
0 0.255895 0.703566 0.040591 0.031291
0 0.566830 0.688200 0.028646 0.030281
0 0.385914 0.440586 0.017214 0.018580
0 0.428930 0.466549 0.028459 0.028600
0 0.540597 0.395985 0.025882 0.030947
0 0.489103 0.432708 0.047682 0.049655
0 0.526742 0.362026 0.045824 0.022202
0 0.506232 0.270707 0.012895 0.021728
0 0.759698 0.180272 0.014015 0.012117
0 0.380291 0.563803 0.041578 0.025325
0 0.424429 0.482687 0.011115 0.029069
0 0.168838 0.684300 0.014009 0.013515
0 0.889115 0.519381 0.019509 0.029861
