0 0.390055 0.361625 0.074935 0.069753
0 0.481930 0.177770 0.019531 0.024712
0 0.464351 0.234462 0.017889 0.021642
0 0.571942 0.205797 0.038879 0.033977
0 0.588077 0.605127 0.021077 0.022675
0 0.631614 0.699141 0.023328 0.035160
0 0.189152 0.594728 0.010964 0.010307
0 0.270630 0.568049 0.009733 0.006488
0 0.276795 0.325194 0.005888 0.007967
0 0.335534 0.208771 0.048783 0.041424
0 0.379624 0.358340 0.012376 0.026166
0 0.419211 0.343845 0.005224 0.011081
0 0.632573 0.622014 0.012798 0.010448
0 0.617990 0.616180 0.009751 0.007662
0 0.662348 0.595982 0.013147 0.010099
0 0.643034 0.478913 0.016953 0.025590
0 0.632396 0.480584 0.014253 0.018193
0 0.443084 0.382476 0.016966 0.042585
0 0.543869 0.458946 0.006535 0.008788
0 0.553524 0.460405 0.012185 0.007422
0 0.544607 0.451839 0.005945 0.009415
0 0.750318 0.487997 0.020859 0.012631
0 0.776606 0.442831 0.008865 0.008569
0 0.131918 0.421204 0.009966 0.019700
