0 0.099161 0.940870 0.198322 0.118260
0 0.029504 0.938387 0.059008 0.082279
0 0.316933 0.965348 0.062341 0.041956
0 0.292987 0.896462 0.585975 0.207077
0 0.623419 0.902121 0.314331 0.195757
0 0.087643 0.905838 0.175285 0.188324
0 0.158792 0.560022 0.317584 0.358898
0 0.024458 0.463396 0.048915 0.318549
0 0.837758 0.708164 0.035983 0.050898
0 0.921293 0.626640 0.157415 0.389454
0 0.359451 0.410238 0.043004 0.037734
0 0.338388 0.279922 0.090396 0.063183
0 0.905637 0.218230 0.188725 0.436459
0 0.803163 0.780920 0.340656 0.277077
0 0.555318 0.563105 0.095741 0.113863
0 0.618565 0.564114 0.195395 0.353589
0 0.561159 0.354277 0.382599 0.390300
0 0.414747 0.610617 0.185109 0.305010
0 0.280341 0.586944 0.330260 0.144409
0 0.344057 0.167645 0.211324 0.335290
0 0.221404 0.218489 0.352561 0.378011
0 0.681459 0.069049 0.248856 0.138099
0 0.071054 0.112954 0.142109 0.225908
