0 0.902221 0.084146 0.081065 0.051582
0 0.957047 0.139003 0.085906 0.066320
0 0.972258 0.088988 0.055484 0.096681
0 0.761652 0.200006 0.476696 0.400012
0 0.680545 0.241176 0.089511 0.129638
0 0.486127 0.172073 0.113688 0.176598
0 0.452378 0.018706 0.062962 0.037411
0 0.710650 0.348336 0.178606 0.136190
0 0.619383 0.485735 0.196790 0.208359
0 0.551631 0.346358 0.250510 0.284084
0 0.889303 0.570494 0.221394 0.247263
0 0.941293 0.859047 0.088994 0.093588
0 0.233296 0.911216 0.429168 0.177569
0 0.226872 0.072025 0.167042 0.144050
