0 0.661321 0.809717 0.080212 0.107774
6 0.274302 0.839971 0.014070 0.019889
6 0.320656 0.742642 0.007240 0.020405
6 0.310461 0.090674 0.015358 0.026329
18 0.751632 0.398122 0.009119 0.004280
2 0.773586 0.633549 0.035358 0.034870
6 0.647156 0.713654 0.011364 0.015691
16 0.572663 0.642985 0.011409 0.011629
11 0.571427 0.571689 0.007253 0.009610
11 0.548126 0.547119 0.008522 0.010517
6 0.520927 0.494624 0.015050 0.007434
6 0.575325 0.467788 0.008522 0.017226
11 0.406600 0.445031 0.010517 0.009429
11 0.420562 0.372862 0.008341 0.013781
11 0.361358 0.365247 0.009610 0.011242
11 0.460998 0.383742 0.009066 0.009066
6 0.449574 0.275036 0.009429 0.008885
11 0.582669 0.303504 0.009429 0.011424
11 0.518388 0.390723 0.010336 0.010336
11 0.468976 0.421549 0.011605 0.015050
