0 0.158792 0.940287 0.317584 0.119427
0 0.921293 0.965957 0.157415 0.068087
0 0.359451 0.910238 0.043004 0.037734
0 0.338388 0.779922 0.090396 0.063183
0 0.905637 0.680782 0.188725 0.511355
0 0.140502 0.159292 0.250574 0.245706
0 0.618565 0.943660 0.195395 0.112680
0 0.561159 0.829564 0.382599 0.340873
0 0.414747 0.979056 0.185109 0.041888
0 0.344057 0.652125 0.211324 0.366331
0 0.325473 0.472145 0.044601 0.040349
0 0.221404 0.718489 0.352561 0.378011
0 0.561078 0.380516 0.032309 0.035603
0 0.581429 0.189224 0.351327 0.351293
0 0.681459 0.477089 0.248856 0.322019
0 0.885865 0.352673 0.228269 0.346414
0 0.863876 0.138924 0.272248 0.277847
0 0.129917 0.035402 0.249277 0.070804
0 0.258410 0.044396 0.244138 0.088792
0 0.071054 0.557463 0.142109 0.336889
0 0.175415 0.352337 0.165082 0.268353
0 0.363666 0.137074 0.267413 0.274148
0 0.078778 0.037166 0.157555 0.074331
