0 0.122368 0.961735 0.244735 0.076529
0 0.513759 0.940870 0.369127 0.118260
0 0.501493 0.938387 0.115030 0.082279
0 0.063711 0.790457 0.055749 0.071487
0 0.300576 0.851372 0.103963 0.070081
0 0.816933 0.965348 0.062341 0.041956
0 0.719986 0.896462 0.560028 0.207077
0 0.515465 0.905838 0.319641 0.188324
0 0.641834 0.560022 0.351499 0.358898
0 0.305203 0.463396 0.487426 0.318549
0 0.267504 0.455432 0.042477 0.045659
0 0.859451 0.410238 0.043004 0.037734
0 0.838388 0.279922 0.090396 0.063183
0 0.934930 0.354277 0.130140 0.390300
0 0.911096 0.610617 0.177808 0.305010
0 0.780341 0.586944 0.330260 0.144409
0 0.844057 0.167645 0.211324 0.335290
0 0.721404 0.218489 0.352561 0.378011
0 0.441266 0.134021 0.040222 0.029669
0 0.433605 0.096785 0.056582 0.054585
0 0.048311 0.167509 0.096623 0.325290
0 0.144677 0.180408 0.289355 0.360815
0 0.159896 0.380355 0.248105 0.206574
0 0.422482 0.112954 0.439253 0.225908
0 0.117533 0.878684 0.235066 0.242633
