0 0.862672 0.761064 0.069386 0.133620
0 0.348056 0.240073 0.057822 0.039829
0 0.644079 0.095365 0.312070 0.190731
0 0.427447 0.131720 0.175729 0.263439
0 0.250550 0.081043 0.285022 0.162086
0 0.353345 0.219902 0.240633 0.227762
0 0.782684 0.272181 0.407680 0.431139
0 0.878174 0.374664 0.243653 0.373764
0 0.822930 0.517745 0.170546 0.276819
0 0.933075 0.678463 0.133849 0.289900
0 0.909733 0.840129 0.180534 0.319742
0 0.918837 0.919766 0.162326 0.160468
0 0.063105 0.339650 0.126209 0.238532
0 0.086161 0.619941 0.172321 0.364783
0 0.045627 0.604509 0.084571 0.077383
0 0.255859 0.633627 0.323127 0.178700
0 0.571406 0.570205 0.539342 0.260870
0 0.626856 0.356004 0.241747 0.309534
0 0.380323 0.328880 0.350253 0.239330
0 0.171213 0.454130 0.342425 0.231353
0 0.610102 0.825889 0.393337 0.199442
0 0.351764 0.911923 0.318664 0.176153
0 0.617103 0.936977 0.348217 0.126046
0 0.074541 0.817543 0.149083 0.300042
0 0.133623 0.938698 0.267246 0.122604
