0 0.064027 0.238277 0.128054 0.476554
0 0.130356 0.118540 0.260711 0.237081
0 0.362999 0.308280 0.082686 0.058019
0 0.504072 0.345630 0.032639 0.054393
0 0.131987 0.710064 0.034090 0.039163
0 0.086292 0.760469 0.025386 0.038438
0 0.296616 0.938836 0.067845 0.049465
0 0.021601 0.709428 0.043202 0.319426
0 0.072503 0.729611 0.145006 0.215876
0 0.035494 0.515552 0.070987 0.334476
0 0.275988 0.672522 0.069122 0.049788
0 0.218391 0.586482 0.336295 0.300286
0 0.406117 0.563566 0.567011 0.546737
0 0.447844 0.890682 0.339223 0.218636
0 0.837178 0.381974 0.325643 0.330272
0 0.417137 0.203129 0.437240 0.406258
0 0.889944 0.809413 0.220112 0.381174
0 0.917277 0.154328 0.165446 0.308656
0 0.749162 0.098219 0.297652 0.196438
