0 0.641834 0.940287 0.351499 0.119427
0 0.305203 0.902061 0.487426 0.195878
0 0.267504 0.955432 0.042477 0.045659
0 0.859451 0.910238 0.043004 0.037734
0 0.838388 0.779922 0.090396 0.063183
0 0.640502 0.159292 0.250574 0.245706
0 0.165901 0.391409 0.062750 0.056953
0 0.934930 0.829564 0.130140 0.340873
0 0.911096 0.979056 0.177808 0.041888
0 0.844057 0.652125 0.211324 0.366331
0 0.825473 0.472145 0.044601 0.040349
0 0.721404 0.718489 0.352561 0.378011
0 0.441266 0.634021 0.040222 0.029669
0 0.433605 0.596785 0.056582 0.054585
0 0.074718 0.079975 0.149437 0.159950
0 0.133273 0.299003 0.266546 0.317140
0 0.952883 0.189224 0.094235 0.351293
0 0.629917 0.035402 0.249277 0.070804
0 0.758410 0.044396 0.244138 0.088792
0 0.048311 0.667509 0.096623 0.325290
0 0.144677 0.674907 0.289355 0.371816
0 0.159896 0.880355 0.248105 0.206574
0 0.422482 0.557463 0.439253 0.336889
0 0.675415 0.352337 0.165082 0.268353
0 0.863666 0.137074 0.267413 0.274148
0 0.533985 0.037166 0.247140 0.074331
0 0.436169 0.076584 0.276855 0.153169
0 0.185625 0.085412 0.371250 0.170825
