0 0.554514 0.272566 0.027917 0.022423
0 0.581163 0.367824 0.017085 0.014600
0 0.539476 0.351447 0.022544 0.023642
0 0.402158 0.496816 0.023764 0.009474
0 0.201027 0.190004 0.014777 0.010279
0 0.146534 0.283733 0.023522 0.014466
0 0.095564 0.332562 0.022739 0.031608
0 0.446916 0.157457 0.038592 0.032635
0 0.721152 0.288500 0.039557 0.020177
0 0.747598 0.383033 0.032503 0.023180
0 0.696160 0.462471 0.041895 0.019224
0 0.753266 0.459335 0.017247 0.017581
0 0.685188 0.469601 0.006038 0.003432
0 0.690141 0.472605 0.003997 0.006318
0 0.678570 0.476406 0.022541 0.029529
0 0.721540 0.456509 0.016335 0.020975
0 0.474508 0.829225 0.006430 0.014674
0 0.623872 0.719450 0.059483 0.045617
0 0.565681 0.712071 0.035496 0.038684
0 0.549583 0.746183 0.093950 0.088434
0 0.754089 0.689361 0.023362 0.021405
0 0.838685 0.618652 0.015056 0.027010
0 0.783999 0.605485 0.020987 0.025294
0 0.917664 0.618332 0.022559 0.020935
0 0.793565 0.536227 0.027270 0.027235
0 0.731988 0.607597 0.008348 0.009624
0 0.711192 0.578439 0.014851 0.017207
0 0.713617 0.504226 0.035266 0.042564
0 0.636663 0.554415 0.083609 0.089525
0 0.655081 0.556137 0.023802 0.024361
0 0.565217 0.516776 0.018106 0.014310
0 0.515839 0.538127 0.025814 0.019632
0 0.446562 0.490639 0.021791 0.021026
0 0.468846 0.528457 0.106883 0.068043
0 0.418654 0.486383 0.016922 0.018268
0 0.401817 0.483267 0.027175 0.029592
0 0.358605 0.538532 0.009053 0.008761
0 0.342228 0.495425 0.004447 0.011152
0 0.126188 0.595900 0.042772 0.028048
0 0.194828 0.583024 0.030517 0.015740
0 0.179164 0.559398 0.027478 0.034143
0 0.154390 0.581041 0.009479 0.009274
0 0.388036 0.745243 0.040471 0.044345
0 0.382160 0.725514 0.050778 0.050212
0 0.408744 0.786000 0.008636 0.005186
0 0.446537 0.643612 0.048995 0.039815
0 0.522882 0.628035 0.037168 0.034513
0 0.241788 0.490621 0.016322 0.023209
0 0.265732 0.475669 0.015672 0.011272
0 0.140506 0.461804 0.018551 0.025752
0 0.176681 0.473097 0.006709 0.008603
0 0.198843 0.475977 0.011642 0.010455
0 0.158319 0.411941 0.009331 0.009030
0 0.278131 0.412553 0.012276 0.016048
0 0.224728 0.432777 0.006344 0.006560
0 0.374777 0.414392 0.025717 0.024328
0 0.384991 0.410210 0.020989 0.038022
0 0.347388 0.382718 0.010095 0.020502
0 0.534359 0.437848 0.036500 0.035036
0 0.524884 0.387015 0.038119 0.038084
0 0.482946 0.441087 0.045032 0.044372
0 0.472770 0.382765 0.045406 0.060474
0 0.511130 0.429195 0.021784 0.023012
0 0.522237 0.359863 0.010519 0.009300
0 0.501977 0.386998 0.007033 0.019511
0 0.439561 0.652623 0.013650 0.024989
