0 0.131987 0.210064 0.034090 0.039163
0 0.086292 0.260469 0.025386 0.038438
0 0.296616 0.438836 0.067845 0.049465
0 0.620681 0.975122 0.059679 0.049755
0 0.381966 0.986531 0.049147 0.026939
0 0.021601 0.209428 0.043202 0.319426
0 0.072503 0.229611 0.145006 0.215876
0 0.035494 0.091395 0.070987 0.182790
0 0.275988 0.172522 0.069122 0.049788
0 0.218391 0.118312 0.336295 0.236625
0 0.406117 0.168467 0.567011 0.336935
0 0.447844 0.463679 0.339223 0.364630
0 0.242896 0.650870 0.285513 0.306543
0 0.500045 0.630153 0.272942 0.290467
0 0.219104 0.839409 0.438208 0.321182
0 0.189723 0.942495 0.373504 0.115009
0 0.854479 0.951190 0.291042 0.097620
0 0.837178 0.023555 0.325643 0.047110
0 0.889944 0.368792 0.220112 0.499934
0 0.912461 0.885305 0.175078 0.190485
