0 0.962692 0.039247 0.074616 0.078494
0 0.784641 0.349885 0.167579 0.076897
0 0.989284 0.337340 0.021432 0.070323
0 0.740752 0.378403 0.024151 0.013728
0 0.760566 0.390418 0.015987 0.025272
0 0.714282 0.405622 0.090163 0.118116
0 0.886160 0.326038 0.065341 0.083899
0 0.927951 0.930390 0.033392 0.038496
0 0.844768 0.813756 0.059404 0.068827
0 0.854467 0.516904 0.141062 0.170257
0 0.546652 0.717660 0.334438 0.358100
0 0.620325 0.724550 0.095207 0.097445
0 0.260866 0.567104 0.072424 0.057238
0 0.063355 0.652509 0.103255 0.078527
0 0.044576 0.613829 0.089152 0.272173
0 0.091527 0.971557 0.148670 0.056886
0 0.137437 0.251392 0.146000 0.140143
0 0.099535 0.062115 0.152475 0.124230
0 0.010923 0.264348 0.021846 0.177490
0 0.044518 0.216780 0.087135 0.092049
0 0.010988 0.047990 0.021976 0.078043
