0 0.108632 0.487264 0.095055 0.037898
0 0.939717 0.717660 0.120567 0.358100
0 0.760866 0.567104 0.072424 0.057238
0 0.563355 0.652509 0.103255 0.078527
0 0.286247 0.462557 0.087164 0.084105
0 0.375386 0.613829 0.427533 0.272173
0 0.174618 0.445533 0.067688 0.073072
0 0.107269 0.433067 0.108700 0.118369
0 0.591527 0.971557 0.148670 0.056886
0 0.025270 0.157568 0.050541 0.097312
0 0.040970 0.140840 0.081940 0.152086
0 0.637437 0.251392 0.146000 0.140143
0 0.599535 0.062115 0.152475 0.124230
0 0.431782 0.264348 0.180129 0.177490
0 0.391081 0.076004 0.181622 0.152008
0 0.544518 0.216780 0.087135 0.092049
0 0.507910 0.047990 0.028133 0.078043
