0 0.557627 0.058763 0.065423 0.094934
0 0.571589 0.173242 0.040690 0.052653
0 0.749508 0.318835 0.035903 0.078979
0 0.741179 0.388056 0.117795 0.103016
0 0.799772 0.438500 0.061434 0.067810
0 0.742608 0.584851 0.084284 0.111514
0 0.654964 0.687802 0.031914 0.049462
0 0.533691 0.525456 0.154782 0.179498
0 0.642996 0.746039 0.068615 0.098923
0 0.942084 0.566979 0.041404 0.063594
0 0.874628 0.648198 0.063244 0.098766
0 0.931018 0.660279 0.073402 0.048664
0 0.918377 0.789475 0.055409 0.090156
0 0.761652 0.923624 0.476696 0.152752
0 0.549390 0.948117 0.041118 0.062956
0 0.452378 0.985943 0.062962 0.028114
0 0.092617 0.755411 0.174128 0.105843
0 0.134356 0.698863 0.061677 0.034690
0 0.450449 0.845973 0.074288 0.078998
0 0.271345 0.664034 0.060472 0.061262
0 0.226872 0.976307 0.167042 0.047387
0 0.309750 0.620489 0.065532 0.050108
0 0.267990 0.391150 0.053967 0.131051
