0 0.423415 0.133259 0.113717 0.113717
0 0.573478 0.240697 0.136011 0.077396
0 0.747933 0.226814 0.003989 0.011424
0 0.603287 0.109123 0.004513 0.010354
0 0.460249 0.391309 0.112721 0.100283
0 0.746858 0.493137 0.124146 0.106649
0 0.825178 0.469391 0.039160 0.044159
0 0.133728 0.291503 0.037494 0.043326
0 0.223613 0.480302 0.024531 0.021610
0 0.255152 0.524983 0.053734 0.052566
0 0.316994 0.490637 0.041326 0.033073
0 0.397371 0.506293 0.035628 0.051397
0 0.670147 0.574502 0.011282 0.010124
0 0.644958 0.434293 0.016236 0.015139
0 0.592867 0.673695 0.008031 0.010922
0 0.488637 0.879974 0.007220 0.007084
0 0.351467 0.913424 0.011097 0.010805
0 0.246774 0.857939 0.069211 0.044097
0 0.183987 0.823041 0.049937 0.060742
0 0.089453 0.402268 0.062181 0.060779
