0 0.620681 0.516061 0.059679 0.131632
0 0.306490 0.545458 0.042126 0.041245
0 0.381966 0.515622 0.049147 0.085122
0 0.447844 0.072997 0.339223 0.145994
0 0.242896 0.152071 0.285513 0.304142
0 0.500045 0.137693 0.272942 0.275386
0 0.219104 0.394775 0.438208 0.431914
0 0.189723 0.625635 0.373504 0.481288
0 0.104421 0.760815 0.208842 0.408197
0 0.282212 0.804080 0.240803 0.299094
0 0.565817 0.771282 0.025447 0.034952
0 0.854479 0.555152 0.291042 0.305545
0 0.943439 0.850771 0.113123 0.298457
0 0.889944 0.059380 0.220112 0.118759
0 0.624724 0.836143 0.346290 0.190795
0 0.912461 0.385305 0.175078 0.190485
