0 0.780745 0.902061 0.438510 0.195878
0 0.767504 0.955432 0.042477 0.045659
0 0.665901 0.391409 0.062750 0.056953
0 0.440483 0.396235 0.050200 0.083981
0 0.228097 0.501935 0.050200 0.059849
0 0.196239 0.439191 0.040546 0.052126
0 0.941266 0.634021 0.040222 0.029669
0 0.933605 0.596785 0.056582 0.054585
0 0.137974 0.368792 0.275948 0.499934
0 0.507930 0.079975 0.283013 0.159950
0 0.564045 0.299003 0.405002 0.317140
0 0.332267 0.050700 0.439158 0.101401
0 0.297188 0.618535 0.329988 0.222896
0 0.476475 0.667509 0.240295 0.325290
0 0.579254 0.674907 0.420203 0.371816
0 0.659896 0.880355 0.248105 0.206574
0 0.851428 0.557463 0.297144 0.336889
0 0.955208 0.037166 0.089585 0.074331
0 0.898871 0.076584 0.202258 0.153169
0 0.648274 0.085412 0.445952 0.170825
0 0.307617 0.389949 0.285256 0.309640
