0 0.008226 0.232130 0.016452 0.162743
0 0.701289 0.275946 0.057591 0.110164
0 0.008226 0.771685 0.016452 0.120179
0 0.388292 0.697825 0.142727 0.157735
0 0.524759 0.592668 0.065103 0.122683
0 0.663729 0.744144 0.062599 0.085127
0 0.039526 0.288464 0.079051 0.140209
0 0.187384 0.970925 0.058013 0.038188
0 0.645239 0.980518 0.061434 0.038964
0 0.601318 0.839005 0.118937 0.178716
0 0.658004 0.915164 0.034307 0.050259
0 0.804101 0.842025 0.105955 0.074876
0 0.796829 0.649109 0.047073 0.049462
0 0.889635 0.621543 0.150688 0.153009
0 0.984242 0.772801 0.031516 0.074753
