0 0.218055 0.090266 0.111670 0.089691
0 0.324650 0.471296 0.068340 0.058400
0 0.157905 0.405788 0.090176 0.094569
0 0.884606 0.153999 0.158228 0.080707
0 0.962692 0.532133 0.074616 0.092721
0 0.784641 0.849885 0.167579 0.076897
0 0.989284 0.837340 0.021432 0.070323
0 0.740752 0.878403 0.024151 0.013728
0 0.760566 0.890418 0.015987 0.025272
0 0.714282 0.905622 0.090163 0.118116
0 0.886160 0.826038 0.065341 0.083899
0 0.854467 0.965888 0.141062 0.068224
0 0.137437 0.751392 0.146000 0.140143
0 0.099535 0.548061 0.152475 0.152337
0 0.010923 0.764348 0.021846 0.177490
0 0.044518 0.716780 0.087135 0.092049
0 0.088948 0.439454 0.042077 0.037202
0 0.010988 0.547990 0.021976 0.078043
