0 0.848056 0.240073 0.057822 0.039829
0 0.919791 0.131720 0.160417 0.263439
0 0.750550 0.081043 0.285022 0.162086
0 0.853345 0.219902 0.240633 0.227762
0 0.035682 0.737805 0.071364 0.263470
0 0.086917 0.944528 0.173835 0.110944
0 0.276305 0.912814 0.234218 0.174372
0 0.121149 0.042552 0.242298 0.085104
0 0.201309 0.129057 0.359011 0.206624
0 0.437519 0.339650 0.377380 0.238532
0 0.027876 0.357999 0.055751 0.264061
0 0.102075 0.547070 0.204150 0.402873
0 0.329443 0.602577 0.215889 0.266691
0 0.484737 0.619941 0.375168 0.364783
0 0.545627 0.604509 0.084571 0.077383
0 0.755859 0.633627 0.323127 0.178700
0 0.900868 0.570205 0.198265 0.260870
0 0.852598 0.328880 0.294804 0.239330
0 0.638975 0.454130 0.406900 0.231353
0 0.956717 0.825889 0.086567 0.199442
0 0.846216 0.911923 0.307568 0.176153
0 0.523146 0.817543 0.251873 0.300042
0 0.569790 0.938698 0.394912 0.122604
0 0.092880 0.822207 0.185761 0.163235
0 0.233959 0.598341 0.186573 0.272059
0 0.307033 0.251660 0.258092 0.281387
