0 0.167127 0.863766 0.334254 0.272468
0 0.126870 0.761496 0.253739 0.468726
0 0.202959 0.942088 0.170784 0.115823
0 0.398141 0.737805 0.346447 0.263470
0 0.568924 0.944528 0.209820 0.110944
0 0.776305 0.912814 0.234218 0.174372
0 0.364206 0.022766 0.334983 0.045531
0 0.591061 0.042552 0.302474 0.085104
0 0.701309 0.129057 0.359011 0.206624
0 0.874415 0.339650 0.251171 0.238532
0 0.232226 0.173316 0.233768 0.226566
0 0.391396 0.357999 0.328712 0.264061
0 0.534608 0.547070 0.339084 0.402873
0 0.829443 0.602577 0.215889 0.266691
0 0.898577 0.619941 0.202847 0.364783
0 0.967762 0.454130 0.064475 0.231353
0 0.100336 0.357762 0.200672 0.430320
0 0.019488 0.377816 0.038976 0.359118
0 0.948605 0.817543 0.102790 0.300042
0 0.936167 0.938698 0.127666 0.122604
0 0.577704 0.822207 0.216113 0.163235
0 0.733959 0.598341 0.186573 0.272059
0 0.807033 0.251660 0.258092 0.281387
