0 0.378520 0.041307 0.034971 0.030440
0 0.492009 0.084911 0.015358 0.012726
0 0.544434 0.051445 0.046628 0.027603
0 0.593629 0.108368 0.013652 0.014363
0 0.187740 0.316940 0.009375 0.012367
0 0.150042 0.317737 0.008577 0.011170
0 0.316917 0.374305 0.051105 0.033584
0 0.403942 0.383066 0.033584 0.031247
0 0.496681 0.315946 0.011271 0.011764
0 0.518776 0.293451 0.036314 0.014282
0 0.613495 0.304591 0.022547 0.027059
0 0.604515 0.376046 0.022035 0.016194
0 0.708451 0.343259 0.013805 0.024424
0 0.700619 0.350427 0.014071 0.026017
0 0.699159 0.388125 0.023362 0.020708
0 0.682434 0.416930 0.052035 0.043274
0 0.724236 0.483915 0.028002 0.029677
0 0.696663 0.512458 0.021881 0.022089
0 0.650454 0.684074 0.011150 0.011681
0 0.567889 0.646243 0.096636 0.074601
0 0.431756 0.655492 0.012880 0.016357
0 0.436105 0.659300 0.012794 0.010031
0 0.329053 0.593995 0.013342 0.024401
0 0.532401 0.803887 0.011243 0.009316
0 0.509433 0.783810 0.021201 0.016062
0 0.391503 0.967738 0.022155 0.031873
0 0.333571 0.918251 0.013487 0.010190
0 0.415335 0.503586 0.065123 0.062203
0 0.411392 0.587691 0.096954 0.086733
0 0.319107 0.715430 0.075859 0.060546
0 0.233098 0.827163 0.020910 0.026411
0 0.172335 0.819705 0.009413 0.025100
0 0.237964 0.789850 0.015380 0.010677
0 0.251612 0.594699 0.022757 0.017710
0 0.490499 0.227068 0.016814 0.020902
0 0.516627 0.221693 0.013337 0.013637
0 0.491076 0.209405 0.062940 0.039413
0 0.107405 0.417307 0.014850 0.010626
0 0.835720 0.839336 0.009175 0.006383
