0 0.057929 0.850771 0.115858 0.298457
0 0.500196 0.961735 0.489078 0.076529
0 0.914598 0.940870 0.170805 0.118260
0 0.971989 0.938387 0.056022 0.082279
0 0.563711 0.790457 0.055749 0.071487
0 0.800576 0.851372 0.103963 0.070081
0 0.927822 0.905838 0.144356 0.188324
0 0.780745 0.463396 0.438510 0.318549
0 0.767504 0.455432 0.042477 0.045659
0 0.228097 0.015930 0.050200 0.031860
0 0.941266 0.134021 0.040222 0.029669
0 0.933605 0.096785 0.056582 0.054585
0 0.137974 0.059380 0.275948 0.118759
0 0.333171 0.977417 0.057923 0.045166
0 0.297188 0.118535 0.329988 0.222896
0 0.476475 0.167509 0.240295 0.325290
0 0.579254 0.180408 0.420203 0.360815
0 0.659896 0.380355 0.248105 0.206574
0 0.851428 0.112954 0.297144 0.225908
0 0.493326 0.878684 0.483479 0.242633
0 0.307617 0.022385 0.285256 0.044769
