0 0.848056 0.740073 0.057822 0.039829
0 0.653822 0.310636 0.409889 0.444513
0 0.517368 0.184438 0.263243 0.368876
0 0.884949 0.307496 0.230103 0.215096
0 0.919791 0.574094 0.160417 0.378690
0 0.750550 0.533604 0.285022 0.256962
0 0.853345 0.719902 0.240633 0.227762
0 0.163853 0.213407 0.230389 0.342017
0 0.121149 0.477693 0.242298 0.214821
0 0.201309 0.629057 0.359011 0.206624
0 0.333464 0.281245 0.154064 0.195035
0 0.429577 0.356150 0.038163 0.048052
0 0.437519 0.839650 0.377380 0.238532
0 0.027876 0.857999 0.055751 0.264061
0 0.102075 0.922817 0.204150 0.154367
0 0.329443 0.984616 0.215889 0.030769
0 0.484737 0.968775 0.375168 0.062450
0 0.852598 0.828880 0.294804 0.239330
0 0.638975 0.919227 0.406900 0.161547
0 0.233959 0.981156 0.186573 0.037688
0 0.307033 0.751660 0.258092 0.281387
