0 0.242608 0.084851 0.084284 0.111514
0 0.154964 0.187802 0.031914 0.049462
0 0.055541 0.057603 0.111082 0.115205
0 0.142996 0.246039 0.068615 0.098923
0 0.442084 0.066979 0.041404 0.063594
0 0.374628 0.148198 0.063244 0.098766
0 0.431018 0.160279 0.073402 0.048664
0 0.418377 0.289475 0.055409 0.090156
0 0.677068 0.049835 0.073515 0.099669
0 0.899120 0.267293 0.201761 0.336184
0 0.811529 0.619914 0.069849 0.053476
0 0.402221 0.584146 0.081065 0.051582
0 0.460768 0.639003 0.093348 0.066320
0 0.485177 0.588988 0.081323 0.096681
0 0.301914 0.623630 0.557221 0.552764
0 0.180545 0.741176 0.089511 0.129638
0 0.021485 0.672073 0.042971 0.176598
0 0.049390 0.448117 0.041118 0.062956
0 0.210650 0.848336 0.178606 0.136190
0 0.119383 0.940777 0.196790 0.118445
0 0.088443 0.846358 0.176886 0.284084
0 0.399130 0.973431 0.241048 0.053138
