0 0.507930 0.965317 0.283013 0.069367
0 0.056344 0.618372 0.112688 0.380568
0 0.167127 0.440410 0.334254 0.425758
0 0.126870 0.261496 0.253739 0.468726
0 0.202959 0.513472 0.170784 0.258591
0 0.398141 0.237805 0.346447 0.263470
0 0.568924 0.581779 0.209820 0.385447
0 0.776305 0.432968 0.234218 0.214679
0 0.803142 0.667163 0.287893 0.409842
0 0.332267 0.838461 0.439158 0.323079
0 0.534608 0.124253 0.339084 0.248506
0 0.829443 0.117961 0.215889 0.235923
0 0.898577 0.151166 0.202847 0.302333
0 0.955208 0.941601 0.089585 0.116798
0 0.898871 0.863127 0.202258 0.273747
0 0.648274 0.853977 0.445952 0.292046
0 0.100336 0.036461 0.200672 0.072921
0 0.948605 0.317543 0.102790 0.300042
0 0.936167 0.514980 0.127666 0.275168
0 0.577704 0.322207 0.216113 0.163235
0 0.733959 0.117185 0.186573 0.234371
