0 0.161039 0.087378 0.322077 0.174757
0 0.195037 0.532857 0.050429 0.039645
0 0.473621 0.964044 0.278134 0.071911
0 0.626984 0.863766 0.414539 0.272468
0 0.532452 0.761496 0.442575 0.468726
0 0.249162 0.888419 0.297652 0.223163
0 0.210126 0.759761 0.375724 0.287865
0 0.702959 0.942088 0.170784 0.115823
0 0.862458 0.737805 0.275083 0.263470
0 0.848357 0.022766 0.303285 0.045531
0 0.732226 0.173316 0.233768 0.226566
0 0.863520 0.357999 0.272960 0.264061
0 0.932533 0.547070 0.134933 0.402873
0 0.568517 0.357762 0.264311 0.430320
0 0.414594 0.377816 0.248763 0.359118
0 0.216361 0.331955 0.343604 0.223866
0 0.196149 0.555821 0.377809 0.397983
0 0.984824 0.822207 0.030352 0.163235
