0 0.742050 0.245697 0.024687 0.022101
0 0.714424 0.287901 0.049375 0.045378
0 0.730295 0.140718 0.010110 0.009640
0 0.880619 0.187754 0.025615 0.029230
0 0.316632 0.960383 0.016223 0.015283
0 0.193266 0.690821 0.010345 0.009405
0 0.502681 0.216778 0.010345 0.009875
0 0.233119 0.332926 0.036913 0.047023
0 0.509734 0.324697 0.055017 0.063952
0 0.413336 0.392998 0.016891 0.027491
0 0.413015 0.740223 0.031160 0.039450
0 0.198674 0.649511 0.057839 0.089580
0 0.224337 0.623415 0.010749 0.017373
0 0.537125 0.569924 0.044907 0.046083
0 0.600372 0.541710 0.026568 0.022101
0 0.401227 0.502093 0.046788 0.031271
0 0.347621 0.447663 0.007289 0.008934
0 0.344799 0.439199 0.016223 0.009405
0 0.514436 0.397230 0.016928 0.009640
0 0.598531 0.436481 0.007897 0.008007
