0 0.618900 0.734616 0.044244 0.058932
0 0.642516 0.662891 0.046373 0.047365
0 0.765685 0.655828 0.010463 0.011660
0 0.738216 0.616334 0.033380 0.027774
0 0.623077 0.326283 0.018699 0.019037
0 0.490791 0.348324 0.023645 0.025182
0 0.397940 0.392119 0.014144 0.013399
0 0.378800 0.322624 0.009007 0.011709
0 0.364751 0.534628 0.028071 0.016881
0 0.408468 0.163435 0.017684 0.025583
0 0.553989 0.547454 0.060713 0.062319
0 0.556300 0.555363 0.026678 0.026163
0 0.834487 0.212519 0.016576 0.019310
0 0.844057 0.208763 0.032028 0.021656
