0 0.922960 0.800415 0.123162 0.070075
0 0.748569 0.820853 0.046186 0.014333
0 0.966258 0.890132 0.067484 0.028667
0 0.668959 0.912853 0.067825 0.071602
0 0.124383 0.236631 0.038223 0.075384
0 0.131815 0.104444 0.121038 0.042470
0 0.234538 0.141340 0.101396 0.088655
0 0.917237 0.077370 0.103520 0.128471
0 0.643308 0.004444 0.106705 0.008888
0 0.812284 0.986038 0.057334 0.027924
0 0.530218 0.519422 0.022683 0.046813
0 0.570999 0.537279 0.060809 0.071909
0 0.736292 0.414937 0.036196 0.022200
0 0.748358 0.454029 0.046813 0.074322
0 0.776660 0.494061 0.055043 0.053523
0 0.954495 0.358583 0.040215 0.045159
0 0.806327 0.262661 0.038567 0.039226
