0 0.710426 0.845804 0.033445 0.034507
0 0.711488 0.893848 0.043000 0.047778
0 0.422960 0.800415 0.123162 0.070075
0 0.248569 0.820853 0.046186 0.014333
0 0.467023 0.890132 0.069013 0.028667
0 0.168959 0.912853 0.067825 0.071602
0 0.417237 0.077370 0.103520 0.128471
0 0.143308 0.004444 0.106705 0.008888
0 0.312284 0.986038 0.057334 0.027924
0 0.030218 0.519422 0.022683 0.046813
0 0.070999 0.537279 0.060809 0.071909
0 0.236292 0.414937 0.036196 0.022200
0 0.248358 0.454029 0.046813 0.074322
0 0.276660 0.494061 0.055043 0.053523
0 0.454495 0.358583 0.040215 0.045159
0 0.306327 0.262661 0.038567 0.039226
0 0.577941 0.455000 0.059004 0.048785
0 0.824338 0.451209 0.103503 0.085374
0 0.893231 0.339465 0.035600 0.044500
0 0.740942 0.321830 0.033622 0.032963
0 0.958037 0.116386 0.059668 0.045629
