0 0.064738 0.812140 0.129476 0.375721
0 0.099161 0.567651 0.198322 0.370260
0 0.029504 0.439168 0.059008 0.082279
0 0.316933 0.466129 0.062341 0.041956
0 0.370881 0.543149 0.045557 0.044953
0 0.235284 0.643747 0.396100 0.335538
0 0.292987 0.597706 0.585975 0.608002
0 0.623419 0.460051 0.314331 0.310054
0 0.087643 0.431382 0.175285 0.237850
0 0.158792 0.120126 0.317584 0.240252
0 0.837758 0.208945 0.035983 0.050898
0 0.921293 0.161074 0.157415 0.322148
0 0.803163 0.281702 0.340656 0.277077
0 0.555318 0.063886 0.095741 0.113863
0 0.618565 0.120845 0.195395 0.241690
0 0.561159 0.025104 0.382599 0.050208
0 0.414747 0.131952 0.185109 0.263903
0 0.280341 0.087725 0.330260 0.144409
