0 0.198672 0.202662 0.397343 0.405324
0 0.049825 0.243556 0.099650 0.487113
0 0.064027 0.698274 0.128054 0.556560
0 0.130356 0.504131 0.260711 0.465899
0 0.141263 0.280567 0.282525 0.310925
0 0.362999 0.808280 0.082686 0.058019
0 0.504072 0.845630 0.032639 0.054393
0 0.035494 0.924157 0.070987 0.151686
0 0.218391 0.968169 0.336295 0.063661
0 0.406117 0.895099 0.567011 0.209803
0 0.837178 0.858419 0.325643 0.283162
0 0.417137 0.692168 0.437240 0.428180
0 0.695037 0.032857 0.050429 0.039645
0 0.917277 0.618372 0.165446 0.380568
0 0.959857 0.440410 0.080285 0.425758
0 0.905582 0.261496 0.188835 0.468726
0 0.749162 0.486638 0.297652 0.419600
0 0.710126 0.259761 0.375724 0.287865
0 0.895106 0.028688 0.209787 0.057375
0 0.696149 0.127406 0.377809 0.254812
