0 0.461956 0.832784 0.031154 0.019288
0 0.478006 0.864407 0.045002 0.046816
0 0.371131 0.737442 0.021941 0.027206
0 0.270858 0.254966 0.048928 0.067577
0 0.447151 0.211728 0.014920 0.020624
0 0.516265 0.257803 0.006582 0.017553
0 0.523157 0.285705 0.030182 0.038252
0 0.535890 0.298140 0.019808 0.024783
0 0.560987 0.288311 0.011920 0.010382
0 0.663197 0.323923 0.012125 0.012806
0 0.611726 0.338191 0.021981 0.013815
0 0.542833 0.367450 0.009536 0.011580
0 0.459798 0.467037 0.011035 0.005858
0 0.423942 0.429972 0.027326 0.030392
0 0.424323 0.409294 0.009495 0.009496
0 0.555267 0.561384 0.014688 0.015594
0 0.502047 0.641350 0.022485 0.026837
0 0.512020 0.681695 0.025023 0.017226
0 0.534142 0.770184 0.031188 0.039348
0 0.499599 0.785415 0.016138 0.025930
0 0.449190 0.739177 0.036810 0.038986
0 0.358770 0.641540 0.026528 0.031515
0 0.425191 0.613716 0.012566 0.019747
0 0.360665 0.246109 0.012765 0.016555
0 0.787032 0.212082 0.022392 0.016684
0 0.829199 0.264385 0.015558 0.017752
0 0.729857 0.162591 0.011629 0.011409
