0 0.941533 0.866852 0.093991 0.102259
0 0.362672 0.261064 0.069386 0.133620
0 0.459601 0.030773 0.406507 0.061545
0 0.675703 0.139398 0.289694 0.278796
0 0.322930 0.078077 0.170546 0.156154
0 0.522095 0.178463 0.311889 0.289900
0 0.725348 0.418957 0.421692 0.422820
0 0.566578 0.445031 0.494225 0.529546
0 0.442221 0.517070 0.209094 0.355075
0 0.575359 0.750405 0.386828 0.447074
0 0.447678 0.975818 0.439853 0.048364
0 0.452274 0.914086 0.312290 0.171827
0 0.170539 0.100320 0.341077 0.200640
0 0.153385 0.325889 0.306770 0.199442
0 0.145606 0.551901 0.291212 0.355893
0 0.223110 0.753616 0.310954 0.281374
