0 0.974439 0.310636 0.051122 0.444513
0 0.942873 0.184438 0.114254 0.368876
0 0.176408 0.191334 0.352817 0.382668
0 0.364206 0.381589 0.334983 0.327884
0 0.663853 0.213407 0.230389 0.342017
0 0.591061 0.477693 0.302474 0.214821
0 0.701309 0.629057 0.359011 0.206624
0 0.833464 0.281245 0.154064 0.195035
0 0.929577 0.356150 0.038163 0.048052
0 0.874415 0.839650 0.251171 0.238532
0 0.232226 0.673316 0.233768 0.226566
0 0.391396 0.857999 0.328712 0.264061
0 0.534608 0.922817 0.339084 0.154367
0 0.829443 0.984616 0.215889 0.030769
0 0.967762 0.919227 0.064475 0.161547
0 0.100336 0.821301 0.200672 0.357398
0 0.019488 0.849129 0.038976 0.301743
0 0.733959 0.981156 0.186573 0.037688
0 0.807033 0.751660 0.258092 0.281387
