0 0.467411 0.203125 0.095536 0.095536
0 0.827232 0.229911 0.083036 0.066964
0 0.132659 0.323918 0.015351 0.020986
0 0.283987 0.368901 0.030896 0.017294
0 0.427000 0.303223 0.047995 0.039445
0 0.521727 0.332273 0.037308 0.031867
0 0.644435 0.497827 0.077142 0.105317
0 0.653567 0.685046 0.017682 0.012630
0 0.509874 0.698551 0.012436 0.009327
0 0.451580 0.664546 0.008938 0.012825
0 0.440990 0.623741 0.017682 0.017099
0 0.491706 0.854680 0.009521 0.012242
0 0.499673 0.830683 0.074033 0.057905
0 0.292925 0.717496 0.023123 0.014962
0 0.345292 0.727989 0.099876 0.101236
0 0.812487 0.688213 0.104948 0.091054
0 0.922839 0.494242 0.086352 0.057069
0 0.453256 0.909739 0.035432 0.026897
0 0.645371 0.356093 0.011270 0.007967
