0 0.037995 0.837352 0.075990 0.323976
0 0.122368 0.586837 0.244735 0.325170
0 0.334396 0.812140 0.590159 0.375721
0 0.276046 0.693796 0.054902 0.022192
0 0.395274 0.714636 0.060385 0.063649
0 0.513759 0.567651 0.369127 0.370260
0 0.501493 0.439168 0.115030 0.082279
0 0.063711 0.291238 0.055749 0.071487
0 0.300576 0.352153 0.103963 0.070081
0 0.816933 0.466129 0.062341 0.041956
0 0.870881 0.543149 0.045557 0.044953
0 0.735284 0.643747 0.396100 0.335538
0 0.719986 0.597706 0.560028 0.608002
0 0.983127 0.460051 0.033746 0.310054
0 0.515465 0.431382 0.319641 0.237850
0 0.641834 0.120126 0.351499 0.240252
0 0.305203 0.061726 0.487426 0.123451
0 0.911096 0.131952 0.177808 0.263903
0 0.780341 0.087725 0.330260 0.144409
0 0.117533 0.422964 0.235066 0.329630
