5 0.445782 0.782159 0.030206 0.029248
14 0.454766 0.802105 0.024397 0.028188
6 0.347535 0.995549 0.009396 0.008902
6 0.232556 0.955327 0.008572 0.008572
6 0.059509 0.383814 0.010880 0.011209
20 0.701245 0.220396 0.007912 0.008242
6 0.657397 0.205066 0.014836 0.013517
18 0.731146 0.314740 0.013923 0.016817
6 0.754737 0.349798 0.027199 0.018462
6 0.768612 0.344915 0.032949 0.023778
16 0.716823 0.411203 0.017309 0.010715
23 0.687327 0.372835 0.007857 0.006996
20 0.610027 0.405649 0.047159 0.058049
5 0.560954 0.541765 0.013023 0.027364
20 0.517188 0.483246 0.047145 0.041211
16 0.476636 0.544650 0.009231 0.007418
16 0.426606 0.576877 0.009726 0.008572
8 0.470207 0.640507 0.007912 0.011539
23 0.533350 0.616701 0.012498 0.009795
6 0.156996 0.325618 0.018495 0.019039
6 0.139084 0.333876 0.016078 0.023284
6 0.196693 0.406272 0.015162 0.011546
20 0.204540 0.527379 0.019473 0.016258
20 0.234985 0.675665 0.020935 0.022419
6 0.222736 0.620689 0.011585 0.030410
2 0.344014 0.679230 0.022740 0.027370
0 0.337322 0.713541 0.050778 0.049168
5 0.512494 0.735582 0.026714 0.019341
0 0.567234 0.693502 0.040617 0.047327
6 0.574306 0.716259 0.015957 0.009429
20 0.617190 0.687246 0.042975 0.049684
14 0.641760 0.598758 0.016320 0.029012
6 0.572130 0.595403 0.011968 0.028469
8 0.255803 0.583436 0.037172 0.017951
6 0.359142 0.283953 0.017122 0.027187
14 0.588368 0.365172 0.030001 0.024764
6 0.517260 0.236220 0.014960 0.017154
6 0.475971 0.251778 0.010970 0.009175
6 0.461281 0.257732 0.013021 0.007782
6 0.467095 0.263945 0.021941 0.009574
6 0.507785 0.231233 0.021485 0.023627
0 0.519254 0.258659 0.029321 0.033709
20 0.533017 0.307527 0.043682 0.055650
0 0.883924 0.409942 0.030742 0.036042
8 0.893818 0.368246 0.069611 0.054417
8 0.858482 0.412769 0.100707 0.095406
8 0.822590 0.657426 0.010190 0.016634
6 0.759221 0.759923 0.015503 0.028342
8 0.485202 0.643119 0.091873 0.146483
8 0.366928 0.501519 0.054063 0.046665
8 0.349286 0.462252 0.042681 0.060323
7 0.374083 0.446388 0.026519 0.018238
8 0.296233 0.606275 0.091395 0.092021
