0 0.028655 0.092668 0.057310 0.122683
0 0.163729 0.244144 0.062599 0.085127
0 0.227532 0.944899 0.075287 0.077344
0 0.365112 0.804209 0.104067 0.065422
0 0.274489 0.798891 0.063030 0.069406
0 0.064656 0.585089 0.061434 0.115676
0 0.145239 0.492548 0.061434 0.063024
0 0.123697 0.627769 0.067817 0.068608
0 0.101318 0.339005 0.118937 0.178716
0 0.158004 0.415164 0.034307 0.050259
0 0.304101 0.342025 0.105955 0.074876
0 0.296829 0.149109 0.047073 0.049462
0 0.389635 0.121543 0.150688 0.153009
0 0.508200 0.272801 0.079432 0.074753
0 0.709648 0.179944 0.148245 0.131985
0 0.868538 0.969753 0.033819 0.040230
