0 0.364058 0.050510 0.017855 0.024807
0 0.503769 0.176570 0.018385 0.020743
0 0.515017 0.173428 0.017708 0.022101
0 0.531300 0.192089 0.024027 0.029100
0 0.484266 0.224096 0.026748 0.018049
0 0.458277 0.230567 0.014211 0.013704
0 0.474714 0.311141 0.012613 0.016038
0 0.530532 0.265052 0.006316 0.014614
0 0.595305 0.174394 0.022912 0.009908
0 0.692876 0.165159 0.024661 0.011786
0 0.865500 0.228443 0.009429 0.013600
0 0.809118 0.262646 0.029203 0.046459
0 0.952248 0.261717 0.021487 0.026992
0 0.972607 0.300942 0.016230 0.021954
0 0.924217 0.292133 0.013988 0.022462
0 0.660182 0.830091 0.014481 0.030410
0 0.634841 0.829609 0.036237 0.022667
0 0.607689 0.819231 0.023411 0.020756
0 0.595097 0.823645 0.019153 0.020072
0 0.495109 0.933895 0.026283 0.013805
0 0.156155 0.821283 0.030308 0.009183
0 0.316807 0.771951 0.057803 0.041379
0 0.311552 0.719880 0.014990 0.016593
0 0.248445 0.649829 0.029734 0.021770
0 0.073550 0.544845 0.022581 0.022137
0 0.245571 0.458681 0.025486 0.021239
0 0.074021 0.282191 0.027756 0.020902
0 0.307845 0.193368 0.027986 0.020601
0 0.316082 0.187952 0.017535 0.023540
0 0.251527 0.304076 0.058272 0.057899
0 0.327341 0.417182 0.039557 0.028960
0 0.525508 0.396065 0.020273 0.024376
0 0.561256 0.423844 0.022045 0.015357
0 0.450388 0.556369 0.026749 0.037268
0 0.501388 0.598536 0.014144 0.026293
0 0.448910 0.624193 0.027022 0.025247
0 0.664878 0.757154 0.018825 0.044408
0 0.670912 0.725176 0.017377 0.014722
0 0.555789 0.761016 0.010137 0.008689
0 0.542153 0.761860 0.015688 0.020032
0 0.596447 0.750892 0.032518 0.032607
0 0.459986 0.735032 0.007580 0.012367
0 0.475172 0.732768 0.045622 0.026225
0 0.685752 0.635939 0.023129 0.032766
0 0.651862 0.608313 0.009958 0.012849
0 0.679094 0.555140 0.011097 0.008761
0 0.687539 0.555497 0.012765 0.014816
0 0.721439 0.432633 0.011681 0.015478
0 0.370911 0.364768 0.021963 0.013757
0 0.494991 0.269975 0.019327 0.021737
0 0.429301 0.098012 0.014310 0.018398
0 0.792621 0.564919 0.030992 0.032751
0 0.276641 0.507951 0.016062 0.014602
0 0.745256 0.064638 0.008031 0.011345
