0 0.010196 0.845630 0.020391 0.054393
0 0.094811 0.895099 0.189622 0.209803
0 0.339972 0.858419 0.331231 0.283162
0 0.067879 0.692168 0.135757 0.428180
0 0.195037 0.032857 0.050429 0.039645
0 0.933212 0.965317 0.133576 0.069367
0 0.473621 0.618372 0.278134 0.380568
0 0.626984 0.440410 0.414539 0.425758
0 0.532452 0.261496 0.442575 0.468726
0 0.249162 0.486638 0.297652 0.419600
0 0.210126 0.259761 0.375724 0.287865
0 0.702959 0.513472 0.170784 0.258591
0 0.862458 0.237805 0.275083 0.263470
0 0.982007 0.581779 0.035986 0.385447
0 0.806344 0.838461 0.387312 0.323079
0 0.932533 0.124253 0.134933 0.248506
0 0.962649 0.853977 0.074702 0.292046
0 0.568517 0.036461 0.264311 0.072921
0 0.414594 0.028688 0.248763 0.057375
0 0.196149 0.127406 0.377809 0.254812
0 0.984824 0.322207 0.030352 0.163235
