0 0.527515 0.918651 0.073205 0.074259
0 0.349169 0.812970 0.058396 0.040877
0 0.587530 0.735994 0.134841 0.120508
0 0.825625 0.671759 0.032383 0.040877
0 0.246977 0.562930 0.035568 0.027074
0 0.214063 0.546473 0.036630 0.045124
0 0.710426 0.345804 0.033445 0.034507
0 0.711488 0.393848 0.043000 0.047778
0 0.422960 0.300415 0.123162 0.070075
0 0.248569 0.320853 0.046186 0.014333
0 0.467023 0.390132 0.069013 0.028667
0 0.168959 0.412853 0.067825 0.071602
0 0.312284 0.500743 0.057334 0.057334
0 0.030218 0.021414 0.022683 0.042829
0 0.070999 0.037279 0.060809 0.071909
0 0.276660 0.010411 0.055043 0.020822
