0 0.008226 0.271685 0.016452 0.120179
0 0.388292 0.197825 0.142727 0.157735
0 0.524759 0.092668 0.065103 0.122683
0 0.663729 0.244144 0.062599 0.085127
0 0.057627 0.558763 0.065423 0.094934
0 0.187384 0.470925 0.058013 0.038188
0 0.071589 0.673242 0.040690 0.052653
0 0.249508 0.818835 0.035903 0.078979
0 0.241179 0.888056 0.117795 0.103016
0 0.299772 0.938500 0.061434 0.067810
0 0.055541 0.967854 0.111082 0.064292
0 0.727532 0.944899 0.075287 0.077344
0 0.865112 0.804209 0.104067 0.065422
0 0.774489 0.798891 0.063030 0.069406
0 0.564656 0.585089 0.061434 0.115676
0 0.645239 0.492548 0.061434 0.063024
0 0.623697 0.627769 0.067817 0.068608
0 0.601318 0.339005 0.118937 0.178716
0 0.658004 0.415164 0.034307 0.050259
0 0.804101 0.342025 0.105955 0.074876
0 0.796829 0.149109 0.047073 0.049462
0 0.889635 0.121543 0.150688 0.153009
0 0.984242 0.272801 0.031516 0.074753
