0 0.430774 0.962552 0.238998 0.074896
0 0.791198 0.942637 0.204305 0.114725
0 0.653068 0.911614 0.231288 0.158032
0 0.648705 0.810060 0.366371 0.291846
0 0.941533 0.366852 0.093991 0.102259
0 0.061078 0.880516 0.032309 0.035603
0 0.725348 0.065183 0.421692 0.130367
0 0.566578 0.104902 0.494225 0.209804
0 0.442221 0.097304 0.209094 0.194608
0 0.575359 0.250405 0.386828 0.447074
0 0.128546 0.689224 0.257092 0.351293
0 0.181459 0.908040 0.248856 0.183920
0 0.437635 0.839733 0.331809 0.320534
0 0.447678 0.614742 0.439853 0.326211
0 0.452274 0.423315 0.312290 0.190284
0 0.145606 0.114924 0.291212 0.229847
0 0.223110 0.253616 0.310954 0.281374
