0 0.490390 0.039247 0.130012 0.078494
0 0.284641 0.349885 0.167579 0.076897
0 0.513062 0.337340 0.068987 0.070323
0 0.240752 0.378403 0.024151 0.013728
0 0.260566 0.390418 0.015987 0.025272
0 0.214282 0.405622 0.090163 0.118116
0 0.386160 0.326038 0.065341 0.083899
0 0.854739 0.960294 0.060222 0.079412
0 0.635998 0.921939 0.083947 0.101177
0 0.674259 0.644908 0.109082 0.108939
0 0.427951 0.930390 0.033392 0.038496
0 0.344768 0.813756 0.059404 0.068827
0 0.354467 0.516904 0.141062 0.170257
0 0.106936 0.717660 0.213871 0.358100
0 0.120325 0.724550 0.095207 0.097445
