0 0.120681 0.516061 0.059679 0.131632
0 0.058727 0.072997 0.117455 0.145994
0 0.068258 0.137693 0.136516 0.275386
0 0.065817 0.771282 0.025447 0.034952
0 0.355362 0.555152 0.292809 0.305545
0 0.501368 0.850771 0.228981 0.298457
0 0.877829 0.961735 0.244343 0.076529
0 0.728097 0.015930 0.050200 0.031860
0 0.527918 0.059380 0.496060 0.118759
0 0.148935 0.836143 0.297869 0.190795
0 0.416599 0.385305 0.183354 0.190485
0 0.833171 0.977417 0.057923 0.045166
0 0.797188 0.118535 0.329988 0.222896
0 0.928164 0.167509 0.143672 0.325290
0 0.934576 0.180408 0.130848 0.360815
0 0.875794 0.878684 0.248413 0.242633
0 0.807617 0.022385 0.285256 0.044769
