0 0.221829 0.371086 0.010601 0.023129
0 0.329763 0.350045 0.014456 0.016383
0 0.255398 0.351972 0.076454 0.115965
0 0.688560 0.235125 0.017991 0.012287
0 0.673311 0.209454 0.016894 0.015797
0 0.692948 0.277142 0.027206 0.014700
0 0.721362 0.345377 0.044101 0.073063
0 0.729485 0.394029 0.038643 0.035301
0 0.722011 0.399878 0.032403 0.029166
0 0.722992 0.444709 0.030418 0.029271
0 0.760374 0.505770 0.020109 0.022649
0 0.600249 0.428423 0.022599 0.026768
0 0.639194 0.502692 0.012726 0.014700
0 0.673311 0.533957 0.040590 0.046953
0 0.694482 0.515033 0.006598 0.009897
0 0.645377 0.576426 0.024320 0.021167
0 0.626838 0.465120 0.031525 0.024770
0 0.574871 0.467689 0.007182 0.010300
0 0.490328 0.738035 0.058143 0.047543
0 0.274612 0.871274 0.025010 0.028990
0 0.843038 0.508435 0.007240 0.016894
0 0.934957 0.428428 0.019549 0.018584
0 0.863678 0.283040 0.016397 0.027796
0 0.472978 0.879216 0.009945 0.008583
0 0.416273 0.878402 0.020962 0.014019
0 0.424002 0.883439 0.019422 0.015785
0 0.183935 0.786052 0.007547 0.008142
0 0.256473 0.564973 0.023573 0.012034
0 0.747500 0.421340 0.016755 0.010372
