0 0.995456 0.918651 0.009088 0.074259
0 0.849169 0.812970 0.058396 0.040877
0 0.746977 0.562930 0.035568 0.027074
0 0.714063 0.546473 0.036630 0.045124
0 0.922960 0.300415 0.123162 0.070075
0 0.748569 0.320853 0.046186 0.014333
0 0.966258 0.390132 0.067484 0.028667
0 0.668959 0.412853 0.067825 0.071602
0 0.812284 0.500743 0.057334 0.057334
0 0.388172 0.547619 0.069772 0.100703
0 0.358125 0.727956 0.028136 0.023358
0 0.312141 0.551766 0.042252 0.051242
0 0.530218 0.021414 0.022683 0.042829
0 0.570999 0.037279 0.060809 0.071909
0 0.776660 0.010411 0.055043 0.020822
