0 0.120681 0.975122 0.059679 0.049755
0 0.094811 0.168467 0.189622 0.336935
0 0.058727 0.463679 0.117455 0.364630
0 0.068258 0.630153 0.136516 0.290467
0 0.355362 0.951190 0.292809 0.097620
0 0.940483 0.396235 0.050200 0.083981
0 0.728097 0.501935 0.050200 0.059849
0 0.696239 0.439191 0.040546 0.052126
0 0.339972 0.023555 0.331231 0.047110
0 0.527918 0.368792 0.496060 0.499934
0 0.933212 0.079975 0.133576 0.159950
0 0.930772 0.299003 0.138456 0.317140
0 0.806344 0.050700 0.387312 0.101401
0 0.416599 0.885305 0.183354 0.190485
0 0.797188 0.618535 0.329988 0.222896
0 0.928164 0.667509 0.143672 0.325290
0 0.934576 0.674907 0.130848 0.371816
0 0.807617 0.389949 0.285256 0.309640
