15 0.624520 0.116486 0.064235 0.069491
2 0.356862 0.748834 0.051726 0.072933
8 0.695771 0.553372 0.073308 0.087054
12 0.648145 0.400842 0.057825 0.090795
5 0.659734 0.644867 0.028758 0.033616
12 0.519088 0.840176 0.021022 0.024591
11 0.561366 0.708903 0.010219 0.011945
11 0.478683 0.707642 0.009423 0.012343
6 0.506879 0.604663 0.018301 0.018565
11 0.462292 0.578243 0.014599 0.010219
8 0.521883 0.558998 0.033710 0.030127
11 0.581406 0.542940 0.008096 0.010219
2 0.436744 0.515733 0.008892 0.006769
11 0.428516 0.511618 0.009158 0.011281
11 0.552607 0.461451 0.008361 0.008627
11 0.552872 0.473462 0.010750 0.011945
20 0.480740 0.450104 0.030790 0.017519
6 0.437142 0.455213 0.011546 0.003583
6 0.491756 0.472533 0.017253 0.007167
6 0.417240 0.478213 0.016956 0.017901
6 0.254722 0.705784 0.021500 0.013139
6 0.082521 0.566563 0.007034 0.004380
20 0.229639 0.525421 0.010883 0.011281
6 0.182619 0.336365 0.012741 0.010352
6 0.281096 0.309158 0.009556 0.018846
6 0.282954 0.276111 0.030260 0.010617
6 0.308635 0.285335 0.025349 0.022164
6 0.479309 0.269342 0.025880 0.032118
8 0.410827 0.241273 0.026676 0.021898
8 0.453071 0.500186 0.014333 0.014333
6 0.347043 0.511905 0.017443 0.025176
6 0.339531 0.556989 0.007034 0.005840
25 0.328035 0.512941 0.010563 0.012811
6 0.382555 0.379856 0.005671 0.011703
6 0.392750 0.384320 0.015202 0.017977
6 0.434073 0.353734 0.009049 0.005550
6 0.437089 0.363507 0.011703 0.018580
25 0.444165 0.373515 0.013761 0.013381
11 0.488624 0.339646 0.010054 0.011290
11 0.451582 0.315665 0.009642 0.009806
8 0.519485 0.363750 0.014751 0.012196
6 0.581085 0.362802 0.025876 0.021343
11 0.598308 0.334866 0.008900 0.011125
11 0.560236 0.330457 0.008406 0.008241
11 0.614509 0.279097 0.014917 0.011407
6 0.249386 0.836146 0.009832 0.008977
