0 0.057627 0.058763 0.065423 0.094934
0 0.071589 0.173242 0.040690 0.052653
0 0.249508 0.318835 0.035903 0.078979
0 0.241179 0.388056 0.117795 0.103016
0 0.299772 0.438500 0.061434 0.067810
0 0.242608 0.584851 0.084284 0.111514
0 0.154964 0.687802 0.031914 0.049462
0 0.055541 0.525456 0.111082 0.179498
0 0.142996 0.746039 0.068615 0.098923
0 0.442084 0.566979 0.041404 0.063594
0 0.374628 0.648198 0.063244 0.098766
0 0.431018 0.660279 0.073402 0.048664
0 0.418377 0.789475 0.055409 0.090156
0 0.677068 0.549242 0.073515 0.100854
0 0.727532 0.444899 0.075287 0.077344
0 0.865112 0.304209 0.104067 0.065422
0 0.774489 0.298891 0.063030 0.069406
0 0.564656 0.085089 0.061434 0.115676
0 0.645239 0.012030 0.061434 0.024060
0 0.623697 0.127769 0.067817 0.068608
0 0.899120 0.767293 0.201761 0.336184
0 0.301914 0.923624 0.557221 0.152752
0 0.049390 0.948117 0.041118 0.062956
