0 0.718055 0.090266 0.111670 0.089691
0 0.824650 0.471296 0.068340 0.058400
0 0.657905 0.405788 0.090176 0.094569
0 0.108632 0.984158 0.095055 0.031685
0 0.286247 0.960252 0.087164 0.079495
0 0.174618 0.945533 0.067688 0.073072
0 0.107269 0.933067 0.108700 0.118369
0 0.025270 0.657568 0.050541 0.097312
0 0.040970 0.640840 0.081940 0.152086
0 0.637437 0.751392 0.146000 0.140143
0 0.599535 0.548061 0.152475 0.152337
0 0.431782 0.764348 0.180129 0.177490
0 0.391081 0.531059 0.181622 0.241898
0 0.544518 0.716780 0.087135 0.092049
0 0.588948 0.439454 0.042077 0.037202
0 0.507910 0.547990 0.028133 0.078043
