0 0.934419 0.654129 0.036212 0.035044
0 0.868912 0.481698 0.017788 0.044610
0 0.045147 0.883598 0.090295 0.112191
0 0.279313 0.832097 0.122069 0.062962
0 0.216656 0.737591 0.109913 0.136571
0 0.117562 0.824165 0.037914 0.037097
0 0.467153 0.462485 0.065288 0.092837
0 0.562927 0.402674 0.062689 0.045090
0 0.062024 0.347215 0.074205 0.103008
0 0.206725 0.392387 0.026834 0.034411
0 0.295372 0.403909 0.046567 0.041822
0 0.133274 0.147762 0.037324 0.036121
0 0.612525 0.150213 0.049106 0.064193
0 0.398910 0.231109 0.025377 0.026242
0 0.973837 0.157568 0.052326 0.097312
0 0.889551 0.035939 0.040381 0.071878
