0 0.348056 0.740073 0.057822 0.039829
0 0.644079 0.478664 0.312070 0.424133
0 0.179383 0.310636 0.358767 0.444513
0 0.074495 0.184438 0.148989 0.368876
0 0.424418 0.307496 0.309041 0.215096
0 0.427447 0.574094 0.175729 0.378690
0 0.250550 0.533604 0.285022 0.256962
0 0.353345 0.719902 0.240633 0.227762
0 0.782684 0.772181 0.407680 0.431139
0 0.878174 0.843891 0.243653 0.312218
0 0.822930 0.939668 0.170546 0.120664
0 0.063105 0.839650 0.126209 0.238532
0 0.571406 0.969885 0.539342 0.060230
0 0.626856 0.850619 0.241747 0.298762
0 0.380323 0.828880 0.350253 0.239330
0 0.171213 0.919227 0.342425 0.161547
