0 0.640502 0.659292 0.250574 0.245706
0 0.165901 0.891409 0.062750 0.056953
0 0.825473 0.972145 0.044601 0.040349
0 0.074718 0.545291 0.149437 0.229316
0 0.133273 0.799003 0.266546 0.317140
0 0.086917 0.137251 0.173835 0.274503
0 0.276305 0.020154 0.234218 0.040307
0 0.303142 0.186042 0.287893 0.372084
0 0.025923 0.389161 0.051846 0.424479
0 0.952883 0.689224 0.094235 0.351293
0 0.846216 0.158607 0.307568 0.317214
0 0.971497 0.114924 0.057005 0.229847
0 0.629917 0.363949 0.249277 0.413710
0 0.758410 0.459026 0.244138 0.259532
0 0.422482 0.944509 0.439253 0.110982
0 0.675415 0.852337 0.165082 0.268353
0 0.863666 0.569022 0.267413 0.410252
0 0.533985 0.478766 0.247140 0.191129
0 0.436169 0.439711 0.276855 0.426916
0 0.185625 0.439389 0.371250 0.462871
0 0.569790 0.076282 0.394912 0.152564
