0 0.726545 0.657489 0.200580 0.091853
0 0.608767 0.651379 0.063629 0.073736
0 0.612138 0.568164 0.099026 0.090168
0 0.443584 0.489583 0.058573 0.077106
0 0.488672 0.563739 0.077956 0.097331
0 0.551669 0.631366 0.068265 0.077528
0 0.418933 0.778415 0.082592 0.080898
0 0.488160 0.138173 0.057993 0.082047
0 0.884961 0.108599 0.230078 0.217197
0 0.950394 0.354846 0.099212 0.083019
0 0.043657 0.262175 0.068857 0.074315
0 0.215720 0.366016 0.113835 0.114389
0 0.662386 0.083789 0.103526 0.123776
0 0.456412 0.230666 0.190729 0.198600
0 0.052159 0.754995 0.104319 0.101291
0 0.197714 0.430563 0.044459 0.116265
