0 0.599177 0.202662 0.596332 0.405324
0 0.323681 0.243556 0.551938 0.487113
0 0.314167 0.299197 0.417604 0.168310
0 0.149695 0.475216 0.224864 0.219703
0 0.314809 0.441811 0.244138 0.186298
0 0.328960 0.698274 0.598190 0.556560
0 0.530675 0.504131 0.460073 0.465899
0 0.622551 0.280567 0.319949 0.310925
0 0.188379 0.865010 0.376758 0.269980
0 0.862999 0.808280 0.082686 0.058019
0 0.993876 0.845630 0.012248 0.054393
0 0.452051 0.924157 0.237872 0.151686
0 0.718391 0.968169 0.336295 0.063661
0 0.811306 0.895099 0.377389 0.209803
0 0.849259 0.692168 0.301483 0.428180
