0 0.665901 0.891409 0.062750 0.056953
0 0.440483 0.896235 0.050200 0.083981
0 0.228097 0.986006 0.050200 0.027989
0 0.196239 0.939191 0.040546 0.052126
0 0.137974 0.809413 0.275948 0.381174
0 0.507930 0.545291 0.283013 0.229316
0 0.564045 0.799003 0.405002 0.317140
0 0.056344 0.154328 0.112688 0.308656
0 0.167127 0.076645 0.334254 0.153289
0 0.202959 0.071384 0.170784 0.142768
0 0.568924 0.137251 0.209820 0.274503
0 0.776305 0.020154 0.234218 0.040307
0 0.803142 0.186042 0.287893 0.372084
0 0.332267 0.389161 0.439158 0.424479
0 0.851428 0.944509 0.297144 0.110982
0 0.955208 0.478766 0.089585 0.191129
0 0.898871 0.439711 0.202258 0.426916
0 0.648274 0.439389 0.445952 0.462871
0 0.936167 0.076282 0.127666 0.152564
0 0.307617 0.867565 0.285256 0.264871
