0 0.608632 0.487264 0.095055 0.037898
0 0.786247 0.462557 0.087164 0.084105
0 0.830810 0.613829 0.338381 0.272173
0 0.674618 0.445533 0.067688 0.073072
0 0.607269 0.433067 0.108700 0.118369
0 0.434419 0.654129 0.036212 0.035044
0 0.368912 0.481698 0.017788 0.044610
0 0.062927 0.402674 0.062689 0.045090
0 0.112525 0.150213 0.049106 0.064193
0 0.499107 0.157568 0.102867 0.097312
0 0.539963 0.140840 0.083954 0.152086
0 0.389551 0.035939 0.040381 0.071878
0 0.920859 0.264348 0.158282 0.177490
0 0.891081 0.076004 0.181622 0.152008
0 0.996922 0.047990 0.006156 0.078043
