0 0.057929 0.380226 0.115858 0.355804
0 0.446159 0.837352 0.259662 0.323976
0 0.500196 0.586837 0.489078 0.325170
0 0.769658 0.812140 0.460683 0.375721
0 0.776046 0.693796 0.054902 0.022192
0 0.895274 0.714636 0.060385 0.063649
0 0.914598 0.567651 0.170805 0.370260
0 0.971989 0.439168 0.056022 0.082279
0 0.563711 0.291238 0.055749 0.071487
0 0.800576 0.352153 0.103963 0.070081
0 0.927822 0.431382 0.144356 0.237850
0 0.780745 0.061726 0.438510 0.123451
0 0.333171 0.492911 0.057923 0.074591
0 0.493326 0.422964 0.483479 0.329630
