0 0.181741 0.233275 0.029604 0.024749
0 0.242948 0.238869 0.008724 0.012244
0 0.206094 0.303118 0.012185 0.033164
0 0.213382 0.291749 0.006272 0.007890
0 0.330028 0.362856 0.024711 0.010125
0 0.375792 0.375130 0.042987 0.053784
0 0.434211 0.376212 0.008056 0.006992
0 0.462540 0.391321 0.023331 0.021569
0 0.469399 0.386473 0.001520 0.000760
0 0.573777 0.369688 0.008693 0.010448
0 0.445297 0.491334 0.096424 0.084495
0 0.453274 0.696641 0.012502 0.009040
0 0.403257 0.723221 0.005824 0.011649
0 0.425361 0.946297 0.012939 0.004146
0 0.481640 0.954839 0.005904 0.009673
0 0.568834 0.957618 0.005737 0.009476
0 0.588654 0.920620 0.017556 0.015659
0 0.262793 0.746661 0.020953 0.025276
0 0.213440 0.778490 0.019807 0.018694
0 0.228907 0.826671 0.025370 0.010460
0 0.167994 0.562567 0.022588 0.023170
0 0.127088 0.569022 0.022192 0.023697
0 0.159213 0.628446 0.018894 0.008360
0 0.277934 0.518134 0.013855 0.005642
0 0.315280 0.507249 0.014844 0.016903
0 0.066341 0.362918 0.025747 0.011420
0 0.150148 0.339172 0.016553 0.027497
0 0.724242 0.411695 0.013919 0.024120
0 0.227672 0.392094 0.023613 0.030012
0 0.860788 0.457672 0.015613 0.019516
0 0.396792 0.660099 0.008342 0.007132
0 0.378153 0.655860 0.009128 0.007776
