0 0.362672 0.761064 0.069386 0.133620
0 0.150057 0.095365 0.300114 0.190731
0 0.282684 0.272181 0.407680 0.431139
0 0.459601 0.374664 0.406507 0.373764
0 0.675703 0.607098 0.289694 0.343395
0 0.322930 0.517745 0.170546 0.276819
0 0.522095 0.678463 0.311889 0.289900
0 0.725348 0.853773 0.421692 0.292453
0 0.566578 0.840129 0.494225 0.319742
0 0.442221 0.919766 0.209094 0.160468
0 0.170539 0.570205 0.341077 0.260870
0 0.126856 0.356004 0.241747 0.309534
0 0.027725 0.328880 0.055449 0.239330
0 0.153385 0.825889 0.306770 0.199442
0 0.145606 0.936977 0.291212 0.126046
