0 0.188379 0.051565 0.376758 0.103130
0 0.631987 0.210064 0.034090 0.039163
0 0.586292 0.260469 0.025386 0.038438
0 0.796616 0.438836 0.067845 0.049465
0 0.881966 0.986531 0.049147 0.026939
0 0.406292 0.209428 0.273820 0.319426
0 0.539691 0.229611 0.210631 0.215876
0 0.452051 0.091395 0.237872 0.182790
0 0.775988 0.172522 0.069122 0.049788
0 0.718391 0.118312 0.336295 0.236625
0 0.811306 0.168467 0.377389 0.336935
0 0.889116 0.463679 0.221768 0.364630
0 0.742896 0.650870 0.285513 0.306543
0 0.931787 0.630153 0.136426 0.290467
0 0.694743 0.839409 0.486930 0.321182
0 0.689723 0.942495 0.373504 0.115009
