0 0.862672 0.261064 0.069386 0.133620
0 0.822930 0.078077 0.170546 0.156154
0 0.933075 0.178463 0.133849 0.289900
0 0.909733 0.445031 0.180534 0.529546
0 0.918837 0.517070 0.162326 0.355075
0 0.940973 0.750405 0.118055 0.447074
0 0.898064 0.914086 0.203871 0.171827
0 0.086161 0.151166 0.172321 0.302333
0 0.045627 0.104509 0.084571 0.077383
0 0.255859 0.133627 0.323127 0.178700
0 0.571406 0.100320 0.539342 0.200640
0 0.171213 0.034903 0.342425 0.069806
0 0.610102 0.325889 0.393337 0.199442
0 0.351764 0.570530 0.318664 0.493368
0 0.617103 0.551901 0.348217 0.355893
0 0.723110 0.753616 0.310954 0.281374
0 0.129917 0.828547 0.249277 0.342905
0 0.258410 0.914630 0.244138 0.170740
0 0.363666 0.931948 0.267413 0.136104
0 0.078778 0.941601 0.157555 0.116798
0 0.037298 0.863127 0.074597 0.273747
0 0.074541 0.317543 0.149083 0.300042
0 0.133623 0.514980 0.267246 0.275168
