0 0.634780 0.087378 0.374595 0.174757
0 0.344067 0.146510 0.119497 0.111491
0 0.459963 0.266476 0.029012 0.033625
0 0.064049 0.321889 0.128098 0.370026
0 0.198672 0.623164 0.397343 0.564319
0 0.049825 0.681028 0.099650 0.612169
0 0.130356 0.885591 0.260711 0.228818
0 0.141263 0.780567 0.282525 0.310925
0 0.695037 0.532857 0.050429 0.039645
0 0.917277 0.964044 0.165446 0.071911
0 0.959857 0.863766 0.080285 0.272468
0 0.905582 0.761496 0.188835 0.468726
0 0.749162 0.888419 0.297652 0.223163
0 0.710126 0.759761 0.375724 0.287865
0 0.968181 0.357762 0.063639 0.430320
0 0.895106 0.377816 0.209787 0.359118
0 0.716361 0.331955 0.343604 0.223866
0 0.696149 0.555821 0.377809 0.397983
