0 0.381743 0.122972 0.020123 0.028354
0 0.398718 0.134892 0.018872 0.018304
0 0.385002 0.136739 0.013058 0.013508
0 0.619749 0.090594 0.031732 0.038488
0 0.762119 0.052710 0.014116 0.021597
0 0.772374 0.056691 0.010497 0.014599
0 0.724837 0.201112 0.007842 0.015564
0 0.034989 0.595223 0.030887 0.010617
0 0.183090 0.618267 0.007360 0.008446
0 0.383976 0.721787 0.008566 0.006274
0 0.644689 0.686250 0.029376 0.029765
0 0.716856 0.592146 0.011462 0.014840
0 0.643322 0.576959 0.096042 0.093992
0 0.756249 0.553778 0.029439 0.030284
0 0.950895 0.529950 0.039574 0.039091
0 0.876271 0.512334 0.010738 0.007239
0 0.861612 0.588044 0.008204 0.007601
0 0.787833 0.400852 0.009532 0.009652
0 0.878021 0.689573 0.009170 0.009170
0 0.550510 0.781137 0.008084 0.006998
0 0.308904 0.941604 0.023165 0.009893
0 0.214735 0.858415 0.009290 0.008808
