0 0.905637 0.962552 0.188725 0.074896
0 0.140502 0.659292 0.250574 0.245706
0 0.325473 0.972145 0.044601 0.040349
0 0.561078 0.880516 0.032309 0.035603
0 0.909733 0.104902 0.180534 0.209804
0 0.918837 0.097304 0.162326 0.194608
0 0.940973 0.250405 0.118055 0.447074
0 0.581429 0.689224 0.351327 0.351293
0 0.681459 0.908040 0.248856 0.183920
0 0.885865 0.839733 0.228269 0.320534
0 0.863876 0.614742 0.272248 0.326211
0 0.898064 0.423315 0.203871 0.190284
0 0.351764 0.158607 0.318664 0.317214
0 0.617103 0.114924 0.348217 0.229847
0 0.723110 0.253616 0.310954 0.281374
0 0.129917 0.363949 0.249277 0.413710
0 0.258410 0.459026 0.244138 0.259532
0 0.071054 0.944509 0.142109 0.110982
0 0.175415 0.852337 0.165082 0.268353
0 0.363666 0.569022 0.267413 0.410252
0 0.078778 0.478766 0.157555 0.191129
0 0.037298 0.439711 0.074597 0.426916
0 0.133623 0.076282 0.267246 0.152564
