0 0.082471 0.806383 0.024038 0.034948
0 0.293839 0.715652 0.077975 0.091390
0 0.899306 0.177145 0.037260 0.011841
0 0.922144 0.402671 0.037945 0.025899
0 0.545685 0.418287 0.115407 0.066748
0 0.660165 0.588169 0.029199 0.039400
0 0.628611 0.785664 0.029524 0.031265
0 0.252946 0.200942 0.058719 0.067813
0 0.025610 0.119670 0.051220 0.075293
0 0.136484 0.300659 0.039087 0.027756
0 0.974373 0.654600 0.022159 0.014103
0 0.977683 0.664386 0.031656 0.017557
0 0.512588 0.369053 0.021833 0.037159
0 0.595407 0.004394 0.026511 0.008788
