0 0.132687 0.388383 0.183919 0.220853
0 0.795982 0.215586 0.239716 0.247490
0 0.935503 0.152023 0.128995 0.226072
0 0.851056 0.697169 0.156823 0.205016
0 0.531042 0.859905 0.045423 0.022651
0 0.403816 0.737149 0.066875 0.047819
0 0.293153 0.600321 0.061333 0.051584
0 0.667645 0.149531 0.042337 0.046253
0 0.968708 0.056064 0.062584 0.082044
0 0.318797 0.950112 0.045582 0.049800
0 0.636147 0.995934 0.043667 0.008133
0 0.869407 0.023015 0.025594 0.032014
0 0.627640 0.033748 0.066453 0.064347
0 0.547070 0.001500 0.016854 0.003000
0 0.261661 0.602021 0.087975 0.083359
0 0.574841 0.743682 0.032559 0.020303
0 0.631339 0.814360 0.028345 0.039074
0 0.878508 0.039250 0.013459 0.015376
0 0.919218 0.222581 0.075842 0.121436
0 0.396840 0.878603 0.040602 0.028348
