0 0.226437 0.388923 0.231971 0.276441
0 0.057218 0.022670 0.114437 0.045340
0 0.033521 0.222969 0.054412 0.099505
0 0.529140 0.224189 0.049570 0.028991
0 0.354694 0.389035 0.078653 0.066460
0 0.458822 0.240633 0.013786 0.029372
0 0.287513 0.846245 0.096061 0.157304
0 0.479555 0.802796 0.063235 0.079534
0 0.011534 0.080641 0.023068 0.024104
0 0.717524 0.909146 0.014556 0.033711
0 0.718749 0.907132 0.030707 0.033637
0 0.547070 0.987709 0.016854 0.024582
0 0.368755 0.211973 0.021181 0.037023
0 0.044624 0.403562 0.089248 0.197425
0 0.032887 0.542657 0.025237 0.022435
0 0.009772 0.550875 0.019545 0.095025
0 0.039897 0.668290 0.024676 0.054965
0 0.406496 0.574923 0.046090 0.026974
0 0.436110 0.283537 0.017385 0.032530
