0 0.155587 0.602340 0.149926 0.133642
0 0.150056 0.516549 0.055733 0.064979
0 0.169423 0.454985 0.067638 0.080656
0 0.145526 0.948362 0.063497 0.048729
0 0.103610 0.982782 0.027949 0.026192
0 0.987021 0.619670 0.025958 0.075293
0 0.929716 0.366762 0.033371 0.031983
0 0.933656 0.211957 0.038068 0.048768
0 0.861585 0.023983 0.024438 0.040032
0 0.501890 0.248128 0.032036 0.022288
0 0.429286 0.254397 0.026813 0.035522
0 0.150513 0.050941 0.040202 0.047652
0 0.815834 0.636141 0.164325 0.060143
0 0.547130 0.561249 0.018386 0.032945
0 0.581867 0.167435 0.022432 0.045379
0 0.128642 0.124097 0.036314 0.033254
0 0.340718 0.004304 0.008157 0.008608
