0 0.355585 0.264345 0.087769 0.045878
0 0.046022 0.900879 0.071147 0.112025
0 0.027253 0.888860 0.054506 0.175072
0 0.518085 0.592932 0.055336 0.050808
0 0.205280 0.008745 0.030126 0.017491
0 0.053469 0.042169 0.019930 0.032910
0 0.269983 0.111282 0.045445 0.081817
0 0.741983 0.159651 0.028041 0.025494
0 0.538306 0.144610 0.024472 0.023964
0 0.509246 0.068893 0.041806 0.044869
0 0.627526 0.055382 0.023452 0.021925
0 0.446792 0.239192 0.019883 0.022435
0 0.483500 0.152003 0.032119 0.045889
0 0.410849 0.243016 0.010197 0.026004
0 0.550797 0.349581 0.019883 0.024984
0 0.661175 0.994866 0.018354 0.010268
