0 0.650056 0.992030 0.055733 0.015940
0 0.669423 0.954985 0.067638 0.080656
0 0.635635 0.146583 0.172785 0.138016
0 0.774658 0.148941 0.075964 0.044359
0 0.712458 0.214715 0.041296 0.021925
0 0.967304 0.309602 0.065392 0.134104
0 0.975253 0.395603 0.049495 0.090915
0 0.394325 0.887244 0.024982 0.052517
0 0.959675 0.152505 0.044836 0.037377
0 0.929488 0.014581 0.014785 0.029162
0 0.605747 0.285375 0.039257 0.029063
0 0.992936 0.748128 0.014128 0.022288
0 0.929286 0.754397 0.026813 0.035522
0 0.650513 0.550941 0.040202 0.047652
0 0.518380 0.432791 0.029674 0.031641
0 0.380665 0.018189 0.018107 0.032039
0 0.449439 0.061547 0.012884 0.019850
0 0.256351 0.029508 0.018107 0.047711
0 0.628642 0.624097 0.036314 0.033254
0 0.840718 0.498920 0.008157 0.019375
0 0.909035 0.324542 0.034668 0.018356
