0 0.296763 0.215586 0.239716 0.247490
0 0.484546 0.152023 0.225520 0.226072
0 0.351838 0.697169 0.156823 0.205016
0 0.563093 0.625091 0.114122 0.137596
0 0.031823 0.859905 0.045423 0.022651
0 0.168426 0.149531 0.042337 0.046253
0 0.810094 0.559692 0.064117 0.139993
0 0.787893 0.577066 0.025491 0.093169
0 0.900055 0.035669 0.027345 0.022713
0 0.509341 0.056064 0.142289 0.082044
0 0.136928 0.995934 0.043667 0.008133
0 0.518611 0.676963 0.023174 0.033837
0 0.722014 0.231528 0.062570 0.025957
0 0.703938 0.213450 0.060716 0.031520
0 0.370189 0.023015 0.025594 0.032014
0 0.128422 0.033748 0.066453 0.064347
0 0.047851 0.001500 0.016854 0.003000
0 0.075622 0.743682 0.032559 0.020303
0 0.132121 0.814360 0.028345 0.039074
0 0.379289 0.039250 0.013459 0.015376
0 0.419999 0.222581 0.075842 0.121436
0 0.838033 0.743472 0.019883 0.029573
0 0.920866 0.638437 0.024472 0.022435
