0 0.766438 0.197254 0.071325 0.046253
0 0.848945 0.125598 0.021666 0.016789
0 0.733466 0.960864 0.091407 0.078271
0 0.823688 0.588650 0.193180 0.188462
0 0.062803 0.929885 0.089533 0.121009
0 0.203215 0.416536 0.055115 0.050670
0 0.308553 0.624424 0.014831 0.031056
0 0.182379 0.705691 0.108471 0.126018
0 0.192664 0.752045 0.019027 0.022597
0 0.429488 0.995205 0.014785 0.009589
0 0.251813 0.819347 0.017334 0.027024
0 0.400682 0.022918 0.051173 0.035193
0 0.522022 0.038470 0.025491 0.018356
0 0.656617 0.283721 0.046904 0.023454
0 0.668088 0.233498 0.018864 0.036201
0 0.646420 0.576900 0.034668 0.023454
