0 0.687942 0.477057 0.279811 0.279968
0 0.884690 0.111272 0.230619 0.222545
0 0.399306 0.177145 0.037260 0.011841
0 0.422144 0.402671 0.037945 0.025899
0 0.051694 0.418287 0.103389 0.066748
0 0.160165 0.588169 0.029199 0.039400
0 0.128611 0.785664 0.029524 0.031265
0 0.690619 0.719567 0.038005 0.020395
0 0.474373 0.654600 0.022159 0.014103
0 0.477683 0.664386 0.031656 0.017557
0 0.663723 0.699208 0.030295 0.022985
0 0.566304 0.305088 0.041430 0.038097
0 0.012588 0.369053 0.021833 0.037159
0 0.857009 0.213598 0.063672 0.052583
0 0.095407 0.004394 0.026511 0.008788
