0 0.546022 0.400879 0.071147 0.112025
0 0.441748 0.388860 0.225517 0.175072
0 0.396171 0.339946 0.005584 0.003191
0 0.233466 0.026523 0.091407 0.053046
0 0.995209 0.092932 0.009583 0.050808
0 0.009284 0.309602 0.018568 0.134104
0 0.006756 0.395603 0.013512 0.090915
0 0.968644 0.922283 0.046348 0.097685
0 0.586690 0.876082 0.049300 0.039644
0 0.429716 0.866762 0.033371 0.031983
0 0.602848 0.569860 0.027509 0.027692
0 0.433656 0.711957 0.038068 0.048768
0 0.361585 0.523983 0.024438 0.040032
0 0.118679 0.315397 0.026545 0.056887
0 0.402666 0.158009 0.035814 0.021912
0 0.259575 0.073926 0.039714 0.038283
0 0.008954 0.748128 0.017908 0.022288
0 0.081867 0.667435 0.022432 0.045379
