0 0.296763 0.715586 0.239716 0.247490
0 0.484546 0.652023 0.225520 0.226072
0 0.005977 0.302796 0.011954 0.079534
0 0.168426 0.649531 0.042337 0.046253
0 0.900055 0.535669 0.027345 0.022713
0 0.509341 0.556064 0.142289 0.082044
0 0.661329 0.015950 0.067364 0.031900
0 0.722014 0.731528 0.062570 0.025957
0 0.703938 0.713450 0.060716 0.031520
0 0.370189 0.523015 0.025594 0.032014
0 0.218305 0.409146 0.014556 0.033711
0 0.219530 0.407132 0.030707 0.033637
0 0.128422 0.533748 0.066453 0.064347
0 0.047851 0.489209 0.016854 0.027582
0 0.379289 0.539250 0.013459 0.015376
0 0.419999 0.722581 0.075842 0.121436
