0 0.173757 0.125997 0.109468 0.113586
0 0.895937 0.332953 0.068403 0.056319
0 0.980514 0.463186 0.038972 0.164309
0 0.412796 0.459070 0.040670 0.034375
0 0.594835 0.461117 0.033371 0.035228
0 0.994991 0.580641 0.010017 0.024104
0 0.691179 0.487181 0.038104 0.041524
0 0.537472 0.498753 0.019930 0.038009
0 0.987802 0.540459 0.024375 0.029602
0 0.927737 0.719584 0.144527 0.210904
0 0.940313 0.902425 0.119374 0.195150
0 0.430477 0.127979 0.073925 0.036711
0 0.643586 0.559081 0.055571 0.055577
0 0.622683 0.513192 0.034159 0.032122
