0 0.266438 0.197254 0.071325 0.046253
0 0.348945 0.125598 0.021666 0.016789
0 0.855585 0.764345 0.087769 0.045878
0 0.233466 0.960864 0.091407 0.078271
0 0.323688 0.588650 0.193180 0.188462
0 0.705280 0.485276 0.030126 0.064430
0 0.553469 0.542169 0.019930 0.032910
0 0.769983 0.611282 0.045445 0.081817
0 0.022022 0.038470 0.025491 0.018356
0 0.156617 0.283721 0.046904 0.023454
0 0.168088 0.233498 0.018864 0.036201
0 0.146420 0.576900 0.034668 0.023454
0 0.768566 0.095017 0.030379 0.029738
0 0.994171 0.568893 0.011657 0.044869
0 0.946792 0.739192 0.019883 0.022435
0 0.983500 0.652003 0.032119 0.045889
0 0.910849 0.743016 0.010197 0.026004
