0 0.226437 0.875351 0.231971 0.249298
0 0.046735 0.265866 0.040420 0.108834
0 0.057218 0.463186 0.114437 0.164309
0 0.033521 0.722969 0.054412 0.099505
0 0.191117 0.466057 0.040521 0.073488
0 0.305719 0.454030 0.044356 0.079341
0 0.529140 0.724189 0.049570 0.028991
0 0.354694 0.889035 0.078653 0.066460
0 0.458822 0.740633 0.013786 0.029372
0 0.011534 0.580641 0.023068 0.024104
0 0.167799 0.357922 0.067703 0.056705
0 0.368755 0.711973 0.021181 0.037023
0 0.487498 0.466281 0.103073 0.046318
0 0.459814 0.270736 0.021241 0.034129
0 0.044624 0.902425 0.089248 0.195150
0 0.436110 0.783537 0.017385 0.032530
