0 0.726437 0.875351 0.231971 0.249298
0 0.546735 0.265866 0.040420 0.108834
0 0.395937 0.332953 0.068403 0.056319
0 0.537733 0.463186 0.153409 0.164309
0 0.533521 0.722969 0.054412 0.099505
0 0.691117 0.466057 0.040521 0.073488
0 0.805719 0.454030 0.044356 0.079341
0 0.854694 0.889035 0.078653 0.066460
0 0.958822 0.740633 0.013786 0.029372
0 0.094835 0.461117 0.033371 0.035228
0 0.506525 0.580641 0.033086 0.024104
0 0.191179 0.487181 0.038104 0.041524
0 0.037472 0.498753 0.019930 0.038009
0 0.667799 0.357922 0.067703 0.056705
0 0.868755 0.711973 0.021181 0.037023
0 0.967981 0.466281 0.064039 0.046318
0 0.959814 0.270736 0.021241 0.034129
0 0.487802 0.540459 0.024375 0.029602
0 0.430093 0.719584 0.149241 0.210904
0 0.484937 0.902425 0.208622 0.195150
0 0.936110 0.783537 0.017385 0.032530
0 0.143586 0.559081 0.055571 0.055577
0 0.122683 0.513192 0.034159 0.032122
