0 0.415736 0.352871 0.010915 0.011370
0 0.493666 0.470917 0.012845 0.015161
0 0.288271 0.057160 0.014116 0.011377
0 0.190933 0.459820 0.027006 0.034311
0 0.159000 0.459476 0.074354 0.058269
0 0.383115 0.756286 0.019241 0.019095
0 0.353292 0.710639 0.022955 0.013624
0 0.508469 0.473373 0.012232 0.013311
0 0.540306 0.459395 0.019677 0.019647
0 0.643074 0.338905 0.033892 0.033969
0 0.713653 0.373956 0.017136 0.019475
0 0.663446 0.452270 0.013984 0.014485
0 0.789548 0.633060 0.079584 0.068437
0 0.823829 0.797796 0.010087 0.012598
0 0.827760 0.765421 0.020650 0.018356
0 0.784739 0.763000 0.027916 0.028043
0 0.514130 0.833360 0.016062 0.022294
0 0.620539 0.749463 0.011946 0.016903
0 0.708822 0.731580 0.039331 0.029768
0 0.576480 0.555283 0.016380 0.009136
0 0.579021 0.566825 0.014974 0.016218
0 0.619748 0.522735 0.008060 0.009387
0 0.569563 0.533049 0.104477 0.139192
0 0.733541 0.274833 0.020627 0.017498
0 0.511364 0.290897 0.013960 0.031615
0 0.549146 0.307349 0.024189 0.023786
0 0.335106 0.240250 0.019489 0.016118
0 0.341638 0.229505 0.013590 0.017171
0 0.366658 0.247888 0.010956 0.012852
