0 0.914495 0.388860 0.171011 0.175072
0 0.896171 0.339946 0.005584 0.003191
0 0.150056 0.992030 0.055733 0.015940
0 0.169423 0.954985 0.067638 0.080656
0 0.733466 0.026523 0.091407 0.053046
0 0.135635 0.146583 0.172785 0.138016
0 0.274658 0.148941 0.075964 0.044359
0 0.212458 0.214715 0.041296 0.021925
0 0.476588 0.309602 0.083960 0.134104
0 0.482008 0.395603 0.063006 0.090915
0 0.929716 0.866762 0.033371 0.031983
0 0.933656 0.711957 0.038068 0.048768
0 0.861585 0.523983 0.024438 0.040032
0 0.618679 0.315397 0.026545 0.056887
0 0.902666 0.158009 0.035814 0.021912
0 0.759575 0.073926 0.039714 0.038283
0 0.459675 0.152505 0.044836 0.037377
0 0.429488 0.014581 0.014785 0.029162
0 0.105747 0.285375 0.039257 0.029063
0 0.501890 0.748128 0.032036 0.022288
0 0.429286 0.754397 0.026813 0.035522
0 0.150513 0.550941 0.040202 0.047652
0 0.018380 0.432791 0.029674 0.031641
0 0.581867 0.667435 0.022432 0.045379
0 0.128642 0.624097 0.036314 0.033254
0 0.340718 0.498920 0.008157 0.019375
0 0.409035 0.324542 0.034668 0.018356
