0 0.993991 0.918287 0.012018 0.066748
0 0.968644 0.422283 0.046348 0.097685
0 0.752946 0.700942 0.058719 0.067813
0 0.512631 0.619670 0.077178 0.075293
0 0.586690 0.376082 0.049300 0.039644
0 0.429716 0.366762 0.033371 0.031983
0 0.602848 0.069860 0.027509 0.027692
0 0.433656 0.211957 0.038068 0.048768
0 0.361585 0.023983 0.024438 0.040032
0 0.008954 0.248128 0.017908 0.022288
0 0.636484 0.800659 0.039087 0.027756
0 0.315834 0.636141 0.164325 0.060143
0 0.047130 0.561249 0.018386 0.032945
0 0.081867 0.167435 0.022432 0.045379
