0 0.884690 0.942641 0.230619 0.114719
0 0.571911 0.832856 0.256110 0.269992
0 0.827143 0.834303 0.230899 0.252623
0 0.903816 0.237149 0.066875 0.047819
0 0.793153 0.100321 0.061333 0.051584
0 0.022876 0.092932 0.045753 0.050808
0 0.093178 0.833080 0.120976 0.118791
0 0.390565 0.562381 0.018386 0.041372
0 0.085281 0.600305 0.019152 0.043671
0 0.818797 0.450112 0.045582 0.049800
0 0.761661 0.102021 0.087975 0.083359
0 0.896840 0.378603 0.040602 0.028348
0 0.436737 0.850736 0.024982 0.015296
0 0.200942 0.811475 0.036708 0.037731
0 0.161175 0.502989 0.018354 0.026514
0 0.095407 0.993431 0.026511 0.013137
