0 0.562803 0.429885 0.089533 0.121009
0 0.808553 0.124424 0.014831 0.031056
0 0.682379 0.205691 0.108471 0.126018
0 0.692664 0.252045 0.019027 0.022597
0 0.635635 0.646583 0.172785 0.138016
0 0.774658 0.648941 0.075964 0.044359
0 0.712458 0.714715 0.041296 0.021925
0 0.967304 0.809602 0.065392 0.134104
0 0.975253 0.895603 0.049495 0.090915
0 0.959675 0.652505 0.044836 0.037377
0 0.929488 0.509786 0.014785 0.038751
0 0.605747 0.785375 0.039257 0.029063
0 0.751813 0.319347 0.017334 0.027024
0 0.518380 0.932791 0.029674 0.031641
0 0.380665 0.518189 0.018107 0.032039
0 0.449439 0.561547 0.012884 0.019850
0 0.256351 0.529508 0.018107 0.047711
0 0.300744 0.416722 0.045427 0.051140
0 0.363469 0.473765 0.055766 0.054392
0 0.139942 0.107423 0.103408 0.110236
0 0.840718 0.994616 0.008157 0.010767
0 0.909035 0.824542 0.034668 0.018356
