0 0.355585 0.764345 0.087769 0.045878
0 0.724231 0.245711 0.144894 0.147022
0 0.762414 0.105274 0.121222 0.175111
0 0.205280 0.485276 0.030126 0.064430
0 0.053469 0.542169 0.019930 0.032910
0 0.269983 0.611282 0.045445 0.081817
0 0.962796 0.050875 0.074407 0.095025
0 0.268566 0.095017 0.030379 0.029738
0 0.741983 0.659651 0.028041 0.025494
0 0.538306 0.644610 0.024472 0.023964
0 0.509246 0.568893 0.041806 0.044869
0 0.627526 0.555382 0.023452 0.021925
0 0.446792 0.739192 0.019883 0.022435
0 0.483500 0.652003 0.032119 0.045889
0 0.410849 0.743016 0.010197 0.026004
0 0.550797 0.849581 0.019883 0.024984
