0 0.132687 0.888383 0.183919 0.220853
0 0.795982 0.715586 0.239716 0.247490
0 0.935503 0.652023 0.128995 0.226072
0 0.287513 0.346245 0.096061 0.157304
0 0.479555 0.302796 0.063235 0.079534
0 0.667645 0.649531 0.042337 0.046253
0 0.968708 0.556064 0.062584 0.082044
0 0.869407 0.523015 0.025594 0.032014
0 0.717524 0.409146 0.014556 0.033711
0 0.718749 0.407132 0.030707 0.033637
0 0.627640 0.533748 0.066453 0.064347
0 0.547070 0.489209 0.016854 0.027582
0 0.032887 0.042657 0.025237 0.022435
0 0.009772 0.050875 0.019545 0.095025
0 0.039897 0.168290 0.024676 0.054965
0 0.406496 0.074923 0.046090 0.026974
0 0.878508 0.539250 0.013459 0.015376
0 0.919218 0.722581 0.075842 0.121436
