0 0.914495 0.888860 0.171011 0.175072
0 0.896171 0.839946 0.005584 0.003191
0 0.733466 0.487387 0.091407 0.131317
0 0.823688 0.091441 0.193180 0.182881
0 0.062803 0.429885 0.089533 0.121009
0 0.308553 0.124424 0.014831 0.031056
0 0.182379 0.205691 0.108471 0.126018
0 0.192664 0.252045 0.019027 0.022597
0 0.135635 0.646583 0.172785 0.138016
0 0.274658 0.648941 0.075964 0.044359
0 0.212458 0.714715 0.041296 0.021925
0 0.476588 0.809602 0.083960 0.134104
0 0.482008 0.895603 0.063006 0.090915
0 0.618679 0.815397 0.026545 0.056887
0 0.902666 0.658009 0.035814 0.021912
0 0.759575 0.573926 0.039714 0.038283
0 0.459675 0.652505 0.044836 0.037377
0 0.429488 0.509786 0.014785 0.038751
0 0.105747 0.785375 0.039257 0.029063
0 0.251813 0.319347 0.017334 0.027024
0 0.646420 0.076900 0.034668 0.023454
0 0.018380 0.932791 0.029674 0.031641
0 0.340718 0.994616 0.008157 0.010767
0 0.409035 0.824542 0.034668 0.018356
