0 0.328246 0.075250 0.046588 0.042655
0 0.418479 0.031499 0.027370 0.028396
0 0.263842 0.219188 0.021063 0.004827
0 0.302567 0.210192 0.009435 0.003949
0 0.215653 0.223223 0.007630 0.003982
0 0.316640 0.299314 0.017833 0.011563
0 0.337268 0.281399 0.005417 0.004197
0 0.463941 0.441086 0.021944 0.011469
0 0.386543 0.600220 0.017788 0.028006
0 0.360471 0.597215 0.056385 0.043768
0 0.349076 0.584987 0.001396 0.000798
0 0.163912 0.775585 0.037485 0.033410
0 0.162530 0.754137 0.013935 0.016245
0 0.167372 0.738746 0.016911 0.020164
0 0.305721 0.977601 0.020180 0.015225
0 0.276976 0.963845 0.008002 0.007604
0 0.395655 0.951596 0.006010 0.008737
0 0.448503 0.928913 0.019496 0.022848
0 0.672050 0.869264 0.069959 0.069992
0 0.733358 0.763478 0.081894 0.084316
0 0.643039 0.708214 0.064034 0.067498
0 0.706853 0.708576 0.057730 0.063156
0 0.774390 0.692430 0.022145 0.037174
0 0.821899 0.721636 0.025085 0.018357
0 0.813383 0.672528 0.006011 0.021131
0 0.681675 0.222231 0.057998 0.069110
0 0.636745 0.066466 0.010106 0.027209
0 0.599041 0.083238 0.017102 0.014080
0 0.634494 0.115796 0.038356 0.041077
0 0.633441 0.180742 0.013604 0.024876
0 0.672843 0.116514 0.010131 0.018372
0 0.701497 0.113508 0.011090 0.019835
0 0.757357 0.181047 0.012394 0.007248
0 0.713742 0.222259 0.019665 0.016615
0 0.739776 0.185158 0.003447 0.007343
0 0.308396 0.496847 0.022854 0.032829
0 0.330954 0.397163 0.048300 0.047115
0 0.658235 0.472096 0.045984 0.055213
0 0.824074 0.428896 0.059935 0.061872
0 0.871025 0.413006 0.056385 0.056518
0 0.837844 0.549292 0.039210 0.051254
0 0.890663 0.531273 0.028533 0.034399
0 0.960602 0.639320 0.019122 0.014671
0 0.870662 0.695234 0.031041 0.032076
0 0.757833 0.589976 0.011357 0.005663
0 0.726023 0.559287 0.016720 0.011955
0 0.698355 0.525080 0.015335 0.012896
0 0.504570 0.523233 0.013835 0.012702
0 0.140714 0.482471 0.022386 0.030252
0 0.122646 0.217330 0.015974 0.022737
0 0.141893 0.196347 0.007749 0.006791
0 0.138072 0.145148 0.011929 0.014899
0 0.556111 0.311428 0.036227 0.036756
0 0.565658 0.276318 0.030308 0.043778
0 0.696945 0.336561 0.024018 0.039326
0 0.744960 0.325699 0.015810 0.019883
0 0.791987 0.412383 0.010585 0.011563
0 0.599884 0.794286 0.009316 0.002960
0 0.605594 0.850668 0.009487 0.006475
0 0.478245 0.114767 0.010168 0.008594
0 0.523759 0.115279 0.008343 0.008807
0 0.426361 0.371319 0.007532 0.016107
0 0.388404 0.385542 0.004983 0.008228
0 0.442538 0.402820 0.011362 0.020454
0 0.523345 0.708270 0.030247 0.029698
0 0.511470 0.854572 0.028854 0.016687
0 0.540093 0.897042 0.007301 0.009850
0 0.532204 0.946416 0.007382 0.007816
0 0.672719 0.929892 0.009502 0.005099
0 0.813676 0.764316 0.027494 0.024307
0 0.952419 0.514923 0.016031 0.034998
0 0.946868 0.519267 0.006373 0.023292
0 0.974912 0.383917 0.006837 0.005678
0 0.877224 0.389016 0.035576 0.020511
0 0.898256 0.226145 0.009502 0.012515
0 0.915224 0.245922 0.016843 0.024106
0 0.626691 0.145160 0.008272 0.006026
0 0.547847 0.121795 0.009527 0.010381
0 0.509417 0.124688 0.004983 0.009502
0 0.370939 0.103656 0.003361 0.006837
0 0.340346 0.116634 0.018193 0.007532
0 0.251987 0.152560 0.015228 0.011183
0 0.082626 0.286516 0.006142 0.007532
0 0.084422 0.320470 0.006953 0.009155
0 0.175821 0.354134 0.013780 0.012668
0 0.202157 0.406106 0.003708 0.007764
0 0.170611 0.426423 0.027120 0.031505
0 0.173183 0.438011 0.004757 0.005649
0 0.158924 0.536646 0.043200 0.034504
0 0.193683 0.537235 0.018993 0.011090
0 0.178132 0.553679 0.010325 0.005481
0 0.244170 0.577401 0.020992 0.033526
0 0.245526 0.598901 0.015753 0.022729
0 0.098591 0.721811 0.006246 0.013129
0 0.161397 0.862090 0.015876 0.012182
0 0.150917 0.870695 0.006988 0.006548
0 0.597698 0.640595 0.004597 0.010343
0 0.521370 0.650076 0.004788 0.010918
0 0.492208 0.730571 0.011588 0.024421
0 0.438278 0.800236 0.014681 0.016953
0 0.378194 0.779917 0.019296 0.018823
0 0.396710 0.719021 0.012326 0.009911
0 0.357463 0.716690 0.008343 0.007996
0 0.400750 0.642465 0.006878 0.006923
0 0.358448 0.677989 0.009518 0.012192
0 0.340429 0.630996 0.006110 0.010008
0 0.279696 0.578849 0.006637 0.014222
0 0.350700 0.539502 0.008954 0.005478
0 0.314924 0.518482 0.009930 0.009571
0 0.239942 0.538126 0.011210 0.009344
0 0.232394 0.502447 0.003697 0.009688
0 0.151451 0.571344 0.009815 0.007266
0 0.187971 0.454837 0.004334 0.006756
0 0.225192 0.255729 0.012795 0.008798
0 0.255530 0.259617 0.006373 0.004589
0 0.289182 0.320930 0.011727 0.005864
0 0.292050 0.308374 0.004716 0.009050
0 0.286632 0.394225 0.008668 0.005864
0 0.250496 0.687032 0.008010 0.005572
0 0.232344 0.688599 0.006704 0.008880
0 0.162644 0.637735 0.010051 0.011913
0 0.129607 0.608198 0.007419 0.007910
0 0.095175 0.504547 0.004527 0.008010
0 0.112370 0.515387 0.003221 0.004963
0 0.064094 0.507377 0.004527 0.011928
0 0.075193 0.479181 0.011358 0.012785
0 0.090876 0.493441 0.013943 0.013598
0 0.034989 0.401856 0.025854 0.027559
0 0.409160 0.825165 0.009773 0.006939
0 0.618652 0.913650 0.005540 0.003526
0 0.619480 0.916096 0.007915 0.004389
0 0.665994 0.924802 0.007575 0.005746
0 0.704767 0.612528 0.011397 0.012450
0 0.784112 0.631442 0.010918 0.016951
0 0.879541 0.544241 0.005794 0.008459
0 0.930397 0.432882 0.015644 0.006489
0 0.925878 0.428363 0.015180 0.007880
0 0.842432 0.380754 0.006399 0.008003
0 0.804458 0.352286 0.003639 0.008428
0 0.804764 0.351783 0.007677 0.008409
0 0.781985 0.383437 0.016615 0.016087
0 0.761840 0.372302 0.004214 0.006895
0 0.690481 0.525505 0.021996 0.020840
0 0.768784 0.560921 0.008140 0.005076
0 0.782910 0.578590 0.007087 0.009769
0 0.339032 0.108281 0.006692 0.005900
0 0.667014 0.089481 0.016927 0.014176
0 0.717257 0.177993 0.005296 0.009256
0 0.746946 0.116570 0.025771 0.011579
0 0.740024 0.067684 0.005311 0.008532
0 0.622010 0.135115 0.006094 0.007400
0 0.607581 0.179896 0.037314 0.052726
0 0.621294 0.225890 0.052160 0.049356
0 0.633282 0.260664 0.006310 0.005609
0 0.618201 0.262719 0.023490 0.023756
0 0.635035 0.292073 0.006170 0.013741
0 0.726693 0.268731 0.011524 0.006744
0 0.734098 0.195884 0.004347 0.008133
0 0.844708 0.384812 0.003365 0.003844
0 0.854886 0.430645 0.018962 0.030359
0 0.724279 0.594651 0.010152 0.007087
0 0.641637 0.826272 0.010358 0.009524
0 0.503195 0.842263 0.005459 0.009290
0 0.328990 0.784035 0.041085 0.015036
0 0.261808 0.765312 0.004597 0.008236
0 0.843790 0.708669 0.004206 0.007011
0 0.959405 0.560868 0.004971 0.007393
0 0.980115 0.534609 0.006119 0.005609
0 0.609243 0.712684 0.006246 0.003824
0 0.550288 0.702869 0.009178 0.009433
0 0.270493 0.666859 0.005609 0.011345
0 0.157175 0.656024 0.009079 0.008314
0 0.210200 0.624730 0.002040 0.004844
0 0.227281 0.581136 0.008668 0.004589
0 0.714320 0.803400 0.015920 0.013146
0 0.442184 0.273754 0.007595 0.007435
0 0.482665 0.031995 0.018483 0.009178
0 0.535948 0.139770 0.013894 0.013894
0 0.530721 0.128298 0.008540 0.008031
0 0.560549 0.414913 0.007011 0.006373
0 0.509625 0.411153 0.006119 0.005991
0 0.502359 0.392223 0.010452 0.011217
0 0.531932 0.388845 0.005864 0.005481
0 0.486744 0.434798 0.004971 0.005609
0 0.495922 0.413001 0.008031 0.011472
0 0.477758 0.435754 0.002549 0.006501
0 0.512748 0.462395 0.004971 0.006246
0 0.540345 0.625747 0.004589 0.006628
0 0.523902 0.749456 0.006628 0.005481
