0 0.855585 0.264345 0.087769 0.045878
0 0.546022 0.900879 0.071147 0.112025
0 0.441748 0.888860 0.225517 0.175072
0 0.396171 0.839946 0.005584 0.003191
0 0.233466 0.487387 0.091407 0.131317
0 0.323688 0.091441 0.193180 0.182881
0 0.995209 0.592932 0.009583 0.050808
0 0.705280 0.008745 0.030126 0.017491
0 0.553469 0.042169 0.019930 0.032910
0 0.769983 0.111282 0.045445 0.081817
0 0.009284 0.809602 0.018568 0.134104
0 0.006756 0.895603 0.013512 0.090915
0 0.118679 0.815397 0.026545 0.056887
0 0.402666 0.658009 0.035814 0.021912
0 0.259575 0.573926 0.039714 0.038283
0 0.146420 0.076900 0.034668 0.023454
0 0.994171 0.068893 0.011657 0.044869
0 0.946792 0.239192 0.019883 0.022435
0 0.983500 0.152003 0.032119 0.045889
0 0.910849 0.243016 0.010197 0.026004
