0 0.555266 0.376750 0.084244 0.019308
0 0.710153 0.340768 0.037734 0.015797
0 0.362530 0.392892 0.030516 0.015926
0 0.766438 0.697254 0.071325 0.046253
0 0.848945 0.625598 0.021666 0.016789
0 0.011241 0.369321 0.022483 0.090949
0 0.067520 0.285389 0.030992 0.027164
0 0.052237 0.080591 0.047713 0.059597
0 0.507850 0.110240 0.060908 0.044731
0 0.203215 0.916536 0.055115 0.050670
0 0.400682 0.522918 0.051173 0.035193
0 0.522022 0.538470 0.025491 0.018356
0 0.656617 0.783721 0.046904 0.023454
0 0.668088 0.733498 0.018864 0.036201
