0 0.048853 0.942641 0.097706 0.114719
0 0.098044 0.769721 0.088573 0.148696
0 0.288064 0.886546 0.100329 0.073430
0 0.254003 0.690112 0.024042 0.084522
0 0.351838 0.197169 0.156823 0.205016
0 0.563093 0.125091 0.114122 0.137596
0 0.842823 0.557280 0.076480 0.058684
0 0.483098 0.780935 0.124152 0.128303
0 0.031823 0.359905 0.045423 0.022651
0 0.810094 0.064844 0.064117 0.129689
0 0.787893 0.077066 0.025491 0.093169
0 0.136928 0.525770 0.043667 0.067805
0 0.518611 0.176963 0.023174 0.033837
0 0.075622 0.243682 0.032559 0.020303
0 0.132121 0.314360 0.028345 0.039074
0 0.375618 0.834675 0.016824 0.028043
0 0.838033 0.243472 0.019883 0.029573
0 0.920866 0.138437 0.024472 0.022435
