0 0.046022 0.400879 0.071147 0.112025
0 0.027253 0.388860 0.054506 0.175072
0 0.971928 0.832856 0.056144 0.269992
0 0.518085 0.092932 0.055336 0.050808
0 0.593178 0.833080 0.120976 0.118791
0 0.890565 0.562381 0.018386 0.041372
0 0.585281 0.600305 0.019152 0.043671
0 0.468644 0.922283 0.046348 0.097685
0 0.086690 0.876082 0.049300 0.039644
0 0.102848 0.569860 0.027509 0.027692
0 0.936737 0.850736 0.024982 0.015296
0 0.700942 0.811475 0.036708 0.037731
0 0.661175 0.502989 0.018354 0.026514
0 0.595407 0.993431 0.026511 0.013137
