0 0.687942 0.918536 0.279811 0.162927
0 0.884690 0.553913 0.230619 0.337263
0 0.571911 0.332856 0.256110 0.269992
0 0.827143 0.334303 0.230899 0.252623
0 0.399306 0.677145 0.037260 0.011841
0 0.422144 0.902671 0.037945 0.025899
0 0.093178 0.333080 0.120976 0.118791
0 0.051694 0.918287 0.103389 0.066748
0 0.390565 0.062381 0.018386 0.041372
0 0.085281 0.100305 0.019152 0.043671
0 0.566304 0.805088 0.041430 0.038097
0 0.012588 0.869053 0.021833 0.037159
0 0.436737 0.350736 0.024982 0.015296
0 0.200942 0.311475 0.036708 0.037731
0 0.857009 0.713598 0.063672 0.052583
0 0.161175 0.008123 0.018354 0.016246
0 0.095407 0.497825 0.026511 0.021925
