0 0.726437 0.388923 0.231971 0.276441
0 0.537733 0.022670 0.153409 0.045340
0 0.533521 0.222969 0.054412 0.099505
0 0.854694 0.389035 0.078653 0.066460
0 0.958822 0.240633 0.013786 0.029372
0 0.224231 0.745711 0.144894 0.147022
0 0.262414 0.605274 0.121222 0.175111
0 0.787513 0.846245 0.096061 0.157304
0 0.973969 0.802796 0.052062 0.079534
0 0.506525 0.080641 0.033086 0.024104
0 0.191179 0.003971 0.038104 0.007943
0 0.037472 0.008879 0.019930 0.017757
0 0.868755 0.211973 0.021181 0.037023
0 0.487802 0.040459 0.024375 0.029602
0 0.430093 0.219584 0.149241 0.210904
0 0.484937 0.403562 0.208622 0.197425
0 0.532887 0.542657 0.025237 0.022435
0 0.472569 0.550875 0.093952 0.095025
0 0.539897 0.668290 0.024676 0.054965
0 0.906496 0.574923 0.046090 0.026974
0 0.936110 0.283537 0.017385 0.032530
0 0.143586 0.059081 0.055571 0.055577
0 0.122683 0.014626 0.034159 0.029253
