0 0.433153 0.942641 0.327544 0.114719
0 0.099983 0.832856 0.199966 0.269992
0 0.327143 0.834303 0.230899 0.252623
0 0.597262 0.769721 0.088573 0.148696
0 0.787283 0.886546 0.100329 0.073430
0 0.753221 0.690112 0.024042 0.084522
0 0.851056 0.197169 0.156823 0.205016
0 0.960120 0.780935 0.079759 0.128303
0 0.531042 0.359905 0.045423 0.022651
0 0.403816 0.237149 0.066875 0.047819
0 0.293153 0.100321 0.061333 0.051584
0 0.318797 0.450112 0.045582 0.049800
0 0.636147 0.525770 0.043667 0.067805
0 0.261661 0.102021 0.087975 0.083359
0 0.574841 0.243682 0.032559 0.020303
0 0.631339 0.314360 0.028345 0.039074
0 0.396840 0.378603 0.040602 0.028348
0 0.874837 0.834675 0.016824 0.028043
