0 0.971928 0.332856 0.056144 0.269992
0 0.899306 0.677145 0.037260 0.011841
0 0.922144 0.902671 0.037945 0.025899
0 0.593178 0.333080 0.120976 0.118791
0 0.545685 0.918287 0.115407 0.066748
0 0.890565 0.062381 0.018386 0.041372
0 0.585281 0.100305 0.019152 0.043671
0 0.468644 0.422283 0.046348 0.097685
0 0.252946 0.700942 0.058719 0.067813
0 0.025610 0.619670 0.051220 0.075293
0 0.086690 0.376082 0.049300 0.039644
0 0.102848 0.069860 0.027509 0.027692
0 0.136484 0.800659 0.039087 0.027756
0 0.512588 0.869053 0.021833 0.037159
0 0.936737 0.350736 0.024982 0.015296
0 0.700942 0.311475 0.036708 0.037731
0 0.661175 0.008123 0.018354 0.016246
0 0.595407 0.497825 0.026511 0.021925
