0 0.632687 0.888383 0.183919 0.220853
0 0.224231 0.245711 0.144894 0.147022
0 0.262414 0.105274 0.121222 0.175111
0 0.787513 0.346245 0.096061 0.157304
0 0.973969 0.302796 0.052062 0.079534
0 0.532887 0.042657 0.025237 0.022435
0 0.472569 0.050875 0.093952 0.095025
0 0.539897 0.168290 0.024676 0.054965
0 0.906496 0.074923 0.046090 0.026974
0 0.241983 0.659651 0.028041 0.025494
0 0.038306 0.644610 0.024472 0.023964
0 0.015074 0.568893 0.030149 0.044869
0 0.127526 0.555382 0.023452 0.021925
0 0.050797 0.849581 0.019883 0.024984
