23 0.348997 0.104608 0.009595 0.010709
23 0.340116 0.101331 0.011283 0.014377
23 0.342971 0.096426 0.005634 0.010744
18 0.345477 0.102203 0.007683 0.008032
23 0.417690 0.339865 0.028453 0.029998
10 0.449595 0.519123 0.018835 0.017762
16 0.399221 0.625654 0.007075 0.010459
14 0.145267 0.616609 0.024353 0.028163
23 0.243330 0.495722 0.028485 0.016348
8 0.269896 0.489406 0.030343 0.035916
10 0.450783 0.771650 0.023204 0.023835
6 0.225428 0.649907 0.011288 0.010260
23 0.818346 0.412263 0.041029 0.037967
23 0.607771 0.386710 0.013196 0.007529
22 0.145089 0.173201 0.012506 0.012945
