8 0.228294 0.346826 0.026927 0.040291
20 0.339685 0.210109 0.045876 0.085170
20 0.197784 0.670346 0.046580 0.058165
8 0.673154 0.760742 0.031315 0.033709
8 0.577712 0.708683 0.043084 0.037698
16 0.415070 0.590583 0.011597 0.010021
8 0.820099 0.331217 0.034996 0.037716
15 0.643093 0.408947 0.105200 0.052151
8 0.340013 0.435157 0.039398 0.034782
23 0.889095 0.566448 0.023879 0.022376
20 0.952113 0.471643 0.041376 0.043519
8 0.904531 0.399370 0.035674 0.042166
8 0.881204 0.413452 0.033192 0.029972
8 0.952242 0.329504 0.035120 0.045789
25 0.762497 0.329477 0.005951 0.005142
16 0.373288 0.729385 0.007723 0.012376
