0 0.476973 0.912102 0.013624 0.037796
0 0.578668 0.917005 0.023246 0.018524
0 0.635693 0.986924 0.015981 0.026152
0 0.495307 0.952785 0.023928 0.030787
0 0.770264 0.678736 0.014892 0.025062
0 0.928519 0.672937 0.016330 0.015736
0 0.920547 0.601250 0.022338 0.022802
0 0.892453 0.595741 0.025062 0.008717
0 0.903993 0.421435 0.017862 0.012652
0 0.962912 0.437769 0.011660 0.007442
0 0.892699 0.477608 0.014021 0.014046
0 0.989494 0.319342 0.019812 0.013508
0 0.843045 0.250795 0.011908 0.021087
0 0.820139 0.246416 0.030751 0.041926
0 0.821878 0.117538 0.013893 0.018358
0 0.615523 0.067885 0.030168 0.032428
0 0.450997 0.124661 0.010916 0.019598
0 0.374588 0.104566 0.013893 0.015133
0 0.294581 0.121560 0.017118 0.019350
0 0.111401 0.328269 0.017837 0.006831
0 0.112678 0.507028 0.017614 0.014637
0 0.160049 0.591163 0.022079 0.009923
0 0.324886 0.702784 0.009329 0.019046
0 0.693949 0.379299 0.008238 0.016379
0 0.154309 0.698331 0.023242 0.018938
0 0.120321 0.664214 0.010043 0.009852
0 0.745744 0.063079 0.008755 0.010745
0 0.993360 0.480279 0.013281 0.011690
0 0.934654 0.785813 0.007529 0.012858
0 0.801929 0.792215 0.015624 0.012130
