0 0.169161 0.360106 0.018360 0.033205
0 0.395331 0.503824 0.038282 0.022615
0 0.444565 0.363729 0.102442 0.107137
0 0.447795 0.418563 0.022036 0.019277
0 0.448320 0.470407 0.012261 0.013760
0 0.516710 0.582391 0.010354 0.012397
0 0.585629 0.117369 0.027364 0.009561
0 0.599649 0.188377 0.030674 0.014684
0 0.526862 0.313533 0.006759 0.013517
0 0.603167 0.330923 0.033111 0.032277
0 0.566178 0.458842 0.012858 0.037749
0 0.594119 0.467579 0.040428 0.029031
0 0.539391 0.379058 0.034123 0.048299
0 0.501185 0.578821 0.017214 0.017679
0 0.398399 0.699782 0.011989 0.008991
0 0.299475 0.654605 0.023243 0.022913
0 0.727072 0.393855 0.011518 0.015605
0 0.659388 0.414785 0.034182 0.049044
0 0.739094 0.421984 0.144845 0.135721
0 0.789351 0.477016 0.043202 0.047256
0 0.778842 0.520496 0.022913 0.043848
0 0.078424 0.580561 0.009248 0.024661
0 0.076611 0.576935 0.012796 0.019412
0 0.312104 0.310251 0.005173 0.018526
0 0.100535 0.789667 0.019122 0.009734
