6 0.228051 0.077637 0.011421 0.009090
8 0.628713 0.477908 0.055461 0.054916
6 0.545144 0.496465 0.024633 0.011829
6 0.527196 0.720277 0.026356 0.014604
6 0.390165 0.647652 0.020112 0.014946
8 0.416689 0.626218 0.040692 0.033890
6 0.274349 0.638486 0.010840 0.019335
8 0.306055 0.592330 0.038957 0.044969
17 0.215215 0.629067 0.268894 0.187954
8 0.431586 0.826466 0.027968 0.042530
17 0.253994 0.491965 0.188214 0.149743
6 0.091855 0.402436 0.024476 0.016168
6 0.079934 0.365058 0.010923 0.014836
11 0.169383 0.350057 0.015722 0.011869
6 0.445402 0.441044 0.015915 0.009660
16 0.447640 0.417264 0.009947 0.014367
