23 0.380205 0.466314 0.023339 0.019867
23 0.380301 0.518923 0.009258 0.013598
16 0.519873 0.412705 0.011158 0.007608
23 0.439771 0.737136 0.015992 0.020163
23 0.443967 0.754249 0.018044 0.024344
23 0.428299 0.754228 0.010198 0.017035
23 0.438030 0.776294 0.022140 0.024862
23 0.418739 0.778505 0.014253 0.017150
23 0.431928 0.760799 0.030314 0.021053
23 0.426309 0.770851 0.022281 0.021928
23 0.474321 0.718920 0.018420 0.018852
23 0.682091 0.945601 0.016531 0.015209
16 0.103315 0.668249 0.004448 0.006345
23 0.228648 0.423221 0.014986 0.018271
23 0.277404 0.435436 0.011086 0.011086
23 0.382693 0.419409 0.011090 0.018228
23 0.474981 0.534195 0.015934 0.007903
22 0.492463 0.515379 0.026992 0.028337
23 0.595923 0.471950 0.014036 0.011876
18 0.594955 0.420417 0.016693 0.026359
22 0.418802 0.344037 0.019700 0.011105
23 0.367885 0.274231 0.014051 0.015073
23 0.180238 0.204083 0.014023 0.012646
23 0.665338 0.600081 0.012102 0.029340
23 0.351652 0.666936 0.012728 0.011907
