0 0.898197 0.173324 0.037825 0.036573
0 0.458395 0.135370 0.012527 0.015398
0 0.258305 0.538665 0.016741 0.017772
0 0.245750 0.549087 0.018943 0.036860
0 0.134203 0.809714 0.020107 0.021111
0 0.482590 0.925386 0.013486 0.018982
0 0.504432 0.915895 0.033716 0.022778
0 0.501207 0.928598 0.029025 0.010805
0 0.503598 0.934166 0.006783 0.009067
0 0.601877 0.681507 0.007037 0.014237
0 0.580810 0.679360 0.016367 0.013437
0 0.495295 0.694028 0.016367 0.007844
0 0.039433 0.407585 0.013780 0.014310
0 0.548729 0.523597 0.013774 0.014592
0 0.610322 0.294944 0.015860 0.011409
