17 0.490975 0.132442 0.179521 0.189350
23 0.543872 0.260948 0.021100 0.012198
16 0.589699 0.243227 0.004286 0.006429
2 0.816120 0.237177 0.038774 0.032110
23 0.919144 0.531786 0.022254 0.017144
2 0.940821 0.675777 0.042534 0.035058
2 0.806041 0.609226 0.044404 0.027056
6 0.782790 0.630692 0.011962 0.009460
25 0.747115 0.665232 0.012385 0.015258
2 0.454204 0.976535 0.026838 0.032560
25 0.440104 0.924730 0.032151 0.041552
2 0.143593 0.742518 0.044849 0.052245
2 0.191816 0.292671 0.027817 0.021260
17 0.204384 0.318167 0.087217 0.053649
16 0.363982 0.424192 0.008991 0.007942
20 0.502745 0.699201 0.007537 0.013027
2 0.567322 0.725022 0.024477 0.032168
8 0.351515 0.457329 0.008669 0.011890
2 0.656173 0.937129 0.021864 0.022888
23 0.749465 0.392707 0.010403 0.019073
2 0.726924 0.378976 0.037315 0.066387
2 0.440388 0.494398 0.026146 0.057416
20 0.808841 0.485265 0.009978 0.016333
16 0.867416 0.577801 0.005200 0.007984
2 0.623556 0.692053 0.028300 0.042059
16 0.608277 0.662163 0.005722 0.003815
20 0.641251 0.624059 0.006710 0.009167
6 0.146987 0.466846 0.010081 0.006131
20 0.211018 0.439804 0.004632 0.004904
16 0.538221 0.370162 0.008174 0.010490
25 0.517195 0.381022 0.006760 0.007395
2 0.724622 0.658462 0.029971 0.046904
14 0.674671 0.517140 0.019374 0.024252
2 0.638297 0.510926 0.014939 0.013280
23 0.490225 0.132463 0.174522 0.184674
23 0.543645 0.260091 0.021271 0.014503
2 0.192667 0.292239 0.024172 0.011119
17 0.203239 0.321861 0.083104 0.047145
25 0.363950 0.424160 0.007939 0.008683
6 0.143654 0.743068 0.028281 0.037708
25 0.223412 0.725702 0.021583 0.012404
25 0.147747 0.670132 0.014141 0.017366
2 0.452763 0.975812 0.024808 0.032499
2 0.654949 0.937608 0.014885 0.018110
6 0.631258 0.791488 0.025552 0.008187
2 0.568741 0.723762 0.018606 0.027537
2 0.623815 0.690767 0.021087 0.036964
6 0.806775 0.609768 0.040189 0.020839
6 0.808760 0.485356 0.009427 0.015629
23 0.918951 0.529831 0.020641 0.015558
23 0.816746 0.235616 0.030038 0.025108
23 0.749354 0.392428 0.009550 0.018639
2 0.728020 0.378179 0.033118 0.065621
11 0.589462 0.242856 0.003697 0.006008
11 0.538552 0.370323 0.006932 0.010167
11 0.867373 0.577275 0.004929 0.007856
14 0.941850 0.676013 0.029729 0.026957
14 0.923135 0.747025 0.009550 0.008780
20 0.746914 0.664461 0.008318 0.010629
25 0.724887 0.661380 0.020333 0.040512
25 0.641244 0.623871 0.004621 0.008010
25 0.608262 0.662168 0.004945 0.002735
25 0.502684 0.698781 0.007365 0.013467
10 0.554757 0.733075 0.012743 0.012323
7 0.436858 0.688794 0.007269 0.009469
2 0.350776 0.457952 0.005739 0.010712
