8 0.430380 0.799946 0.029950 0.036821
6 0.603748 0.720877 0.016741 0.023693
6 0.578962 0.719510 0.020721 0.007080
23 0.507832 0.711145 0.018216 0.015344
11 0.442398 0.641370 0.008387 0.011018
6 0.578155 0.652808 0.008522 0.019661
19 0.588078 0.644186 0.026563 0.035196
6 0.366285 0.973812 0.012250 0.035105
6 0.349608 0.977817 0.020082 0.016292
6 0.319775 0.928220 0.017761 0.012663
6 0.381403 0.713432 0.011456 0.015840
6 0.410796 0.740348 0.023075 0.024543
7 0.316824 0.487698 0.010580 0.008763
6 0.331995 0.467847 0.024186 0.016487
22 0.350809 0.480152 0.013514 0.015308
20 0.418446 0.496858 0.011549 0.009503
6 0.245642 0.119797 0.020984 0.011577
6 0.456324 0.159961 0.006256 0.014488
6 0.482302 0.135855 0.020954 0.028846
6 0.616628 0.257185 0.017262 0.010958
8 0.650552 0.621673 0.022628 0.036903
20 0.524273 0.447997 0.011986 0.013346
6 0.531892 0.465391 0.020361 0.013705
2 0.518205 0.266353 0.028850 0.040462
2 0.557436 0.357406 0.029331 0.035897
6 0.851228 0.580184 0.020900 0.011168
