9 0.362717 0.756235 0.011204 0.026406
16 0.525933 0.701899 0.017359 0.016763
12 0.560995 0.707724 0.025302 0.039919
16 0.709891 0.643088 0.010337 0.013759
16 0.640995 0.570186 0.014047 0.010379
16 0.818574 0.520071 0.010671 0.010558
16 0.847764 0.472839 0.013156 0.010859
6 0.862478 0.534797 0.042100 0.078279
6 0.854026 0.357540 0.033625 0.043095
5 0.491336 0.128363 0.020183 0.023044
16 0.200172 0.248355 0.012448 0.015891
22 0.416826 0.549161 0.023921 0.020832
16 0.408278 0.651123 0.008503 0.010421
16 0.369680 0.723294 0.010689 0.013089
16 0.287134 0.684649 0.012188 0.013343
2 0.071432 0.502301 0.032447 0.038234
16 0.550347 0.308429 0.010232 0.013237
16 0.565000 0.744583 0.009357 0.012456
