0 0.431244 0.080957 0.015908 0.016003
0 0.652907 0.145742 0.008267 0.008851
0 0.546512 0.172591 0.012888 0.019690
0 0.422072 0.180863 0.008525 0.016704
0 0.412499 0.185058 0.013443 0.013183
0 0.429838 0.189526 0.014537 0.017253
0 0.427781 0.196250 0.008930 0.006196
0 0.439190 0.195648 0.025568 0.026176
0 0.447614 0.210018 0.029556 0.029669
0 0.449129 0.221201 0.017591 0.015318
0 0.459853 0.214875 0.020407 0.015480
0 0.470386 0.225366 0.022243 0.012684
0 0.447168 0.195126 0.007451 0.009282
0 0.403139 0.178121 0.022976 0.015098
0 0.460749 0.241271 0.019085 0.016560
0 0.468789 0.234257 0.018545 0.015670
0 0.458726 0.223112 0.010520 0.014285
0 0.376889 0.993309 0.020071 0.008256
0 0.409970 0.911526 0.019111 0.021225
0 0.811043 0.876084 0.049821 0.035889
0 0.539136 0.722896 0.020880 0.012528
0 0.579085 0.753377 0.013171 0.016056
0 0.040154 0.513870 0.023445 0.017726
0 0.233858 0.616575 0.034051 0.027826
0 0.274978 0.709733 0.020083 0.020557
0 0.681142 0.478210 0.030556 0.039421
0 0.423358 0.166452 0.011357 0.012373
0 0.247345 0.692719 0.013475 0.009429
