0 0.522791 0.769778 0.081485 0.059341
0 0.540085 0.548982 0.031276 0.046142
0 0.510134 0.465903 0.019932 0.024643
0 0.221300 0.511012 0.015460 0.041217
0 0.180789 0.628838 0.025187 0.015104
0 0.419202 0.565420 0.014953 0.012474
0 0.420958 0.560379 0.013827 0.014199
0 0.414374 0.552123 0.009245 0.005613
0 0.410419 0.545964 0.014784 0.018116
0 0.441967 0.431528 0.016914 0.017500
0 0.443877 0.443592 0.019151 0.012621
0 0.299714 0.369319 0.009907 0.016014
0 0.369468 0.375304 0.005944 0.011227
0 0.389197 0.294901 0.012712 0.010236
